-------------------|
LeftCamera (0.999872 0.015795 0.002494 0.000000 / -0.013884 0.780096 0.625505 0.000000 / 0.007935 -0.625460 0.780216 -0.000000 / 0.139118 -1.480591 -0.676440 1.000000)
RightCamera (0.999872 0.015795 0.002494 0.000000 / -0.013884 0.780096 0.625505 0.000000 / 0.007935 -0.625460 0.780216 -0.000000 / 0.078318 -1.480591 -0.676440 1.000000)
ModelPosition (0.136731 1.087483 -1.360921)
ModelOrientation (0.120096 -0.079363 -0.635260 -0.758764)
ModelScale 0.000507
Brush radius 0.050388
drawColor 1
ControllerPosition0 (-0.306495 0.761950 -0.398129)
ControllerOrientation0 (0.887579 -0.317541 -0.088762 -0.321703)
ControllerPainting0 0
ControllerPosition1 (0.094659 0.784856 -0.438031)
ControllerOrientation1 (0.935015 -0.302573 0.076547 0.168338)
ControllerPainting1 0
-------------------|
LeftCamera (0.999870 0.015946 0.002406 0.000000 / -0.013952 0.780567 0.624917 0.000000 / 0.008087 -0.624869 0.780688 -0.000000 / 0.139090 -1.480945 -0.675550 1.000000)
RightCamera (0.999870 0.015946 0.002406 0.000000 / -0.013952 0.780567 0.624917 0.000000 / 0.008087 -0.624869 0.780688 -0.000000 / 0.078290 -1.480945 -0.675550 1.000000)
ModelPosition (0.136646 1.087342 -1.360984)
ModelOrientation (0.120096 -0.079363 -0.635260 -0.758764)
ModelScale 0.000507
Brush radius 0.050388
drawColor 1
ControllerPosition0 (-0.306445 0.761923 -0.397981)
ControllerOrientation0 (0.887627 -0.317320 -0.088302 -0.321914)
ControllerPainting0 0
ControllerPosition1 (0.096742 0.787278 -0.441127)
ControllerOrientation1 (0.940159 -0.301808 0.056873 0.147574)
ControllerPainting1 0
-------------------|
LeftCamera (0.999863 0.016000 0.004365 0.000000 / -0.015223 0.780979 0.624372 0.000000 / 0.006581 -0.624352 0.781115 -0.000000 / 0.140121 -1.481094 -0.675048 1.000000)
RightCamera (0.999863 0.016000 0.004365 0.000000 / -0.015223 0.780979 0.624372 0.000000 / 0.006581 -0.624352 0.781115 -0.000000 / 0.079321 -1.481094 -0.675048 1.000000)
ModelPosition (0.136400 1.086935 -1.361167)
ModelOrientation (0.120096 -0.079363 -0.635260 -0.758764)
ModelScale 0.000507
Brush radius 0.050388
drawColor 1
ControllerPosition0 (-0.306416 0.762185 -0.397699)
ControllerOrientation0 (0.887445 -0.316799 -0.088182 -0.322962)
ControllerPainting0 0
ControllerPosition1 (0.099715 0.787495 -0.444056)
ControllerOrientation1 (0.939435 -0.303772 0.051271 0.150186)
ControllerPainting1 0
-------------------|
LeftCamera (0.999851 0.016659 0.004629 0.000000 / -0.015904 0.781098 0.624206 0.000000 / 0.006783 -0.624186 0.781246 -0.000000 / 0.141240 -1.480984 -0.674885 1.000000)
RightCamera (0.999851 0.016659 0.004629 0.000000 / -0.015904 0.781098 0.624206 0.000000 / 0.006783 -0.624186 0.781246 -0.000000 / 0.080440 -1.480984 -0.674885 1.000000)
ModelPosition (0.136321 1.086805 -1.361226)
ModelOrientation (0.120096 -0.079363 -0.635260 -0.758764)
ModelScale 0.000507
Brush radius 0.050388
drawColor 1
ControllerPosition0 (-0.306323 0.762347 -0.397788)
ControllerOrientation0 (0.887476 -0.316325 -0.088542 -0.323242)
ControllerPainting0 0
ControllerPosition1 (0.098058 0.787697 -0.444964)
ControllerOrientation1 (0.937775 -0.298366 0.063880 0.165756)
ControllerPainting1 0
-------------------|
LeftCamera (0.999851 0.017078 0.002408 0.000000 / -0.014852 0.781592 0.623613 0.000000 / 0.008768 -0.623556 0.781730 -0.000000 / 0.140027 -1.481210 -0.674503 1.000000)
RightCamera (0.999851 0.017078 0.002408 0.000000 / -0.014852 0.781592 0.623613 0.000000 / 0.008768 -0.623556 0.781730 -0.000000 / 0.079227 -1.481210 -0.674503 1.000000)
ModelPosition (0.136095 1.086431 -1.361394)
ModelOrientation (0.120096 -0.079363 -0.635260 -0.758764)
ModelScale 0.000507
Brush radius 0.050388
drawColor 1
ControllerPosition0 (-0.306187 0.762139 -0.397600)
ControllerOrientation0 (0.887716 -0.316677 -0.088994 -0.322113)
ControllerPainting0 0
ControllerPosition1 (0.091536 0.788474 -0.444544)
ControllerOrientation1 (0.937279 -0.293684 0.090460 0.164545)
ControllerPainting1 0
-------------------|
LeftCamera (0.999853 0.017054 0.001788 0.000000 / -0.014447 0.781611 0.623599 0.000000 / 0.009237 -0.623533 0.781743 -0.000000 / 0.139485 -1.481106 -0.674675 1.000000)
RightCamera (0.999853 0.017054 0.001788 0.000000 / -0.014447 0.781611 0.623599 0.000000 / 0.009237 -0.623533 0.781743 -0.000000 / 0.078685 -1.481106 -0.674675 1.000000)
ModelPosition (0.136022 1.086310 -1.361448)
ModelOrientation (0.120096 -0.079363 -0.635260 -0.758764)
ModelScale 0.000507
Brush radius 0.050388
drawColor 1
ControllerPosition0 (-0.306220 0.762191 -0.397698)
ControllerOrientation0 (0.887583 -0.317136 -0.089081 -0.322003)
ControllerPainting0 0
ControllerPosition1 (0.090432 0.789774 -0.444735)
ControllerOrientation1 (0.939325 -0.287861 0.094564 0.160817)
ControllerPainting1 0
-------------------|
LeftCamera (0.999850 0.017222 0.001886 0.000000 / -0.014634 0.781234 0.624066 0.000000 / 0.009274 -0.624000 0.781369 -0.000000 / 0.139690 -1.480477 -0.675797 1.000000)
RightCamera (0.999850 0.017222 0.001886 0.000000 / -0.014634 0.781234 0.624066 0.000000 / 0.009274 -0.624000 0.781369 -0.000000 / 0.078890 -1.480477 -0.675797 1.000000)
ModelPosition (0.135951 1.086193 -1.361501)
ModelOrientation (0.120096 -0.079363 -0.635260 -0.758764)
ModelScale 0.000507
Brush radius 0.050388
drawColor 1
ControllerPosition0 (-0.306108 0.762093 -0.397613)
ControllerOrientation0 (0.887576 -0.317165 -0.088948 -0.322029)
ControllerPainting0 0
ControllerPosition1 (0.089884 0.790363 -0.445185)
ControllerOrientation1 (0.939275 -0.281562 0.099670 0.168968)
ControllerPainting1 0
-------------------|
LeftCamera (0.999851 0.017178 0.001801 0.000000 / -0.014546 0.781229 0.624075 0.000000 / 0.009313 -0.624008 0.781362 -0.000000 / 0.139668 -1.480355 -0.675889 1.000000)
RightCamera (0.999851 0.017178 0.001801 0.000000 / -0.014546 0.781229 0.624075 0.000000 / 0.009313 -0.624008 0.781362 -0.000000 / 0.078868 -1.480355 -0.675889 1.000000)
ModelPosition (0.135882 1.086077 -1.361553)
ModelOrientation (0.120096 -0.079363 -0.635260 -0.758764)
ModelScale 0.000507
Brush radius 0.050388
drawColor 1
ControllerPosition0 (-0.306023 0.762192 -0.397717)
ControllerOrientation0 (0.887645 -0.316675 -0.089581 -0.322147)
ControllerPainting0 0
ControllerPosition1 (0.089382 0.791324 -0.445541)
ControllerOrientation1 (0.939039 -0.276465 0.103728 0.176108)
ControllerPainting1 0
-------------------|
LeftCamera (0.999841 0.017706 0.002132 0.000000 / -0.015167 0.781304 0.623966 0.000000 / 0.009383 -0.623899 0.781449 -0.000000 / 0.140682 -1.480329 -0.675789 1.000000)
RightCamera (0.999841 0.017706 0.002132 0.000000 / -0.015167 0.781304 0.623966 0.000000 / 0.009383 -0.623899 0.781449 -0.000000 / 0.079882 -1.480329 -0.675789 1.000000)
ModelPosition (0.135813 1.085964 -1.361604)
ModelOrientation (0.120096 -0.079363 -0.635260 -0.758764)
ModelScale 0.000507
Brush radius 0.050388
drawColor 1
ControllerPosition0 (-0.305764 0.762027 -0.397697)
ControllerOrientation0 (0.887886 -0.315962 -0.090136 -0.322029)
ControllerPainting0 0
ControllerPosition1 (0.089692 0.790938 -0.444786)
ControllerOrientation1 (0.936839 -0.283502 0.103014 0.177051)
ControllerPainting1 0
-------------------|
LeftCamera (0.999835 0.018068 0.001972 0.000000 / -0.015358 0.781822 0.623313 0.000000 / 0.009720 -0.623240 0.781970 -0.000000 / 0.141062 -1.480652 -0.674687 1.000000)
RightCamera (0.999835 0.018068 0.001972 0.000000 / -0.015358 0.781822 0.623313 0.000000 / 0.009720 -0.623240 0.781970 -0.000000 / 0.080262 -1.480652 -0.674687 1.000000)
ModelPosition (0.135747 1.085854 -1.361654)
ModelOrientation (0.120096 -0.079363 -0.635260 -0.758764)
ModelScale 0.000507
Brush radius 0.050388
drawColor 1
ControllerPosition0 (-0.305662 0.762135 -0.397681)
ControllerOrientation0 (0.888051 -0.315529 -0.090324 -0.321945)
ControllerPainting0 0
ControllerPosition1 (0.090910 0.788514 -0.443696)
ControllerOrientation1 (0.933853 -0.300489 0.095223 0.168989)
ControllerPainting1 0
-------------------|
LeftCamera (0.999844 0.017515 0.002138 0.000000 / -0.015031 0.782039 0.623049 0.000000 / 0.009241 -0.622984 0.782180 -0.000000 / 0.140428 -1.480777 -0.674320 1.000000)
RightCamera (0.999844 0.017515 0.002138 0.000000 / -0.015031 0.782039 0.623049 0.000000 / 0.009241 -0.622984 0.782180 -0.000000 / 0.079628 -1.480777 -0.674320 1.000000)
ModelPosition (0.135681 1.085745 -1.361703)
ModelOrientation (0.120096 -0.079363 -0.635260 -0.758764)
ModelScale 0.000507
Brush radius 0.050388
drawColor 1
ControllerPosition0 (-0.305679 0.762244 -0.397659)
ControllerOrientation0 (0.888068 -0.315513 -0.089875 -0.322039)
ControllerPainting0 0
ControllerPosition1 (0.090656 0.787721 -0.442704)
ControllerOrientation1 (0.933759 -0.303159 0.095057 0.164783)
ControllerPainting1 0
-------------------|
LeftCamera (0.999850 0.017182 0.002279 0.000000 / -0.014851 0.781507 0.623719 0.000000 / 0.008936 -0.623660 0.781645 -0.000000 / 0.140099 -1.480070 -0.675692 1.000000)
RightCamera (0.999850 0.017182 0.002279 0.000000 / -0.014851 0.781507 0.623719 0.000000 / 0.008936 -0.623660 0.781645 -0.000000 / 0.079299 -1.480070 -0.675692 1.000000)
ModelPosition (0.135617 1.085639 -1.361750)
ModelOrientation (0.120096 -0.079363 -0.635260 -0.758764)
ModelScale 0.000507
Brush radius 0.050388
drawColor 1
ControllerPosition0 (-0.305831 0.762262 -0.397591)
ControllerOrientation0 (0.888000 -0.315755 -0.089277 -0.322156)
ControllerPainting0 0
ControllerPosition1 (0.088400 0.789191 -0.442991)
ControllerOrientation1 (0.936738 -0.291974 0.101132 0.164455)
ControllerPainting1 0
-------------------|
LeftCamera (0.999826 0.018507 0.002187 0.000000 / -0.015826 0.781227 0.624046 0.000000 / 0.009841 -0.623973 0.781384 -0.000000 / 0.142060 -1.479425 -0.676484 1.000000)
RightCamera (0.999826 0.018507 0.002187 0.000000 / -0.015826 0.781227 0.624046 0.000000 / 0.009841 -0.623973 0.781384 -0.000000 / 0.081260 -1.479425 -0.676484 1.000000)
ModelPosition (0.135554 1.085535 -1.361797)
ModelOrientation (0.120096 -0.079363 -0.635260 -0.758764)
ModelScale 0.000507
Brush radius 0.050388
drawColor 1
ControllerPosition0 (-0.305941 0.762034 -0.397320)
ControllerOrientation0 (0.888151 -0.316097 -0.088409 -0.321642)
ControllerPainting0 0
ControllerPosition1 (0.088005 0.790362 -0.443698)
ControllerOrientation1 (0.939628 -0.288078 0.097535 0.156835)
ControllerPainting1 0
-------------------|
LeftCamera (0.999824 0.018708 0.001448 0.000000 / -0.015528 0.781636 0.623541 0.000000 / 0.010534 -0.623454 0.781789 -0.000000 / 0.142157 -1.479945 -0.675584 1.000000)
RightCamera (0.999824 0.018708 0.001448 0.000000 / -0.015528 0.781636 0.623541 0.000000 / 0.010534 -0.623454 0.781789 -0.000000 / 0.081357 -1.479945 -0.675584 1.000000)
ModelPosition (0.135492 1.085433 -1.361843)
ModelOrientation (0.120096 -0.079363 -0.635260 -0.758764)
ModelScale 0.000507
Brush radius 0.050388
drawColor 1
ControllerPosition0 (-0.306205 0.762023 -0.397170)
ControllerOrientation0 (0.888473 -0.316508 -0.087735 -0.320531)
ControllerPainting0 0
ControllerPosition1 (0.087958 0.790210 -0.443792)
ControllerOrientation1 (0.938871 -0.287878 0.095134 0.163086)
ControllerPainting1 0
-------------------|
LeftCamera (0.999847 0.017383 0.002032 0.000000 / -0.014860 0.781916 0.623207 0.000000 / 0.009244 -0.623142 0.782054 -0.000000 / 0.140666 -1.480381 -0.675019 1.000000)
RightCamera (0.999847 0.017383 0.002032 0.000000 / -0.014860 0.781916 0.623207 0.000000 / 0.009244 -0.623142 0.782054 -0.000000 / 0.079866 -1.480381 -0.675019 1.000000)
ModelPosition (0.135432 1.085333 -1.361888)
ModelOrientation (0.120096 -0.079363 -0.635260 -0.758764)
ModelScale 0.000507
Brush radius 0.050388
drawColor 1
ControllerPosition0 (-0.306390 0.762019 -0.396949)
ControllerOrientation0 (0.888716 -0.316837 -0.087199 -0.319679)
ControllerPainting0 0
ControllerPosition1 (0.088467 0.789685 -0.443417)
ControllerOrientation1 (0.937554 -0.288749 0.094275 0.169497)
ControllerPainting1 0
-------------------|
LeftCamera (0.999864 0.016302 0.002418 0.000000 / -0.014260 0.782231 0.622825 0.000000 / 0.008262 -0.622775 0.782357 -0.000000 / 0.139518 -1.480837 -0.674373 1.000000)
RightCamera (0.999864 0.016302 0.002418 0.000000 / -0.014260 0.782231 0.622825 0.000000 / 0.008262 -0.622775 0.782357 -0.000000 / 0.078718 -1.480837 -0.674373 1.000000)
ModelPosition (0.135373 1.085235 -1.361932)
ModelOrientation (0.120096 -0.079363 -0.635260 -0.758764)
ModelScale 0.000507
Brush radius 0.050388
drawColor 1
ControllerPosition0 (-0.306599 0.761801 -0.396825)
ControllerOrientation0 (0.889036 -0.317109 -0.086101 -0.318816)
ControllerPainting0 0
ControllerPosition1 (0.088457 0.788876 -0.442796)
ControllerOrientation1 (0.936110 -0.289718 0.094490 0.175594)
ControllerPainting1 0
-------------------|
LeftCamera (0.999867 0.015974 0.003380 0.000000 / -0.014604 0.782373 0.622639 0.000000 / 0.007302 -0.622606 0.782502 -0.000000 / 0.140150 -1.481136 -0.674001 1.000000)
RightCamera (0.999867 0.015974 0.003380 0.000000 / -0.014604 0.782373 0.622639 0.000000 / 0.007302 -0.622606 0.782502 -0.000000 / 0.079350 -1.481136 -0.674001 1.000000)
ModelPosition (0.135257 1.085043 -1.362018)
ModelOrientation (0.120096 -0.079363 -0.635260 -0.758764)
ModelScale 0.000507
Brush radius 0.050388
drawColor 1
ControllerPosition0 (-0.306944 0.761798 -0.396714)
ControllerOrientation0 (0.889305 -0.317736 -0.084804 -0.317787)
ControllerPainting0 0
ControllerPosition1 (0.088209 0.787048 -0.441458)
ControllerOrientation1 (0.934406 -0.292616 0.093812 0.180167)
ControllerPainting1 0
-------------------|
LeftCamera (0.999873 0.015465 0.003778 0.000000 / -0.014459 0.782817 0.622083 0.000000 / 0.006663 -0.622059 0.782942 -0.000000 / 0.139685 -1.481566 -0.673026 1.000000)
RightCamera (0.999873 0.015465 0.003778 0.000000 / -0.014459 0.782817 0.622083 0.000000 / 0.006663 -0.622059 0.782942 -0.000000 / 0.078885 -1.481566 -0.673026 1.000000)
ModelPosition (0.135200 1.084949 -1.362061)
ModelOrientation (0.120096 -0.079363 -0.635260 -0.758764)
ModelScale 0.000507
Brush radius 0.050388
drawColor 1
ControllerPosition0 (-0.306910 0.761419 -0.396501)
ControllerOrientation0 (0.889139 -0.318091 -0.085026 -0.317836)
ControllerPainting0 0
ControllerPosition1 (0.088212 0.785877 -0.440461)
ControllerOrientation1 (0.934116 -0.295281 0.091841 0.178332)
ControllerPainting1 0
-------------------|
LeftCamera (0.999882 0.014888 0.003851 0.000000 / -0.014054 0.782992 0.621873 0.000000 / 0.006244 -0.621854 0.783109 -0.000000 / 0.138931 -1.481739 -0.672602 1.000000)
RightCamera (0.999882 0.014888 0.003851 0.000000 / -0.014054 0.782992 0.621873 0.000000 / 0.006244 -0.621854 0.783109 -0.000000 / 0.078131 -1.481739 -0.672602 1.000000)
ModelPosition (0.135144 1.084856 -1.362102)
ModelOrientation (0.120096 -0.079363 -0.635260 -0.758764)
ModelScale 0.000507
Brush radius 0.050388
drawColor 1
ControllerPosition0 (-0.307035 0.761290 -0.396274)
ControllerOrientation0 (0.889307 -0.318255 -0.084526 -0.317337)
ControllerPainting0 0
ControllerPosition1 (0.088397 0.784895 -0.439697)
ControllerOrientation1 (0.934305 -0.297464 0.089948 0.174639)
ControllerPainting1 0
-------------------|
LeftCamera (0.999890 0.014282 0.003969 0.000000 / -0.013651 0.782928 0.621962 0.000000 / 0.005775 -0.621948 0.783037 -0.000000 / 0.138199 -1.481706 -0.672772 1.000000)
RightCamera (0.999890 0.014282 0.003969 0.000000 / -0.013651 0.782928 0.621962 0.000000 / 0.005775 -0.621948 0.783037 -0.000000 / 0.077399 -1.481706 -0.672772 1.000000)
ModelPosition (0.135089 1.084765 -1.362143)
ModelOrientation (0.120096 -0.079363 -0.635260 -0.758764)
ModelScale 0.000507
Brush radius 0.050388
drawColor 1
ControllerPosition0 (-0.306905 0.761279 -0.396499)
ControllerOrientation0 (0.889219 -0.318628 -0.084300 -0.317270)
ControllerPainting0 0
ControllerPosition1 (0.088339 0.784062 -0.439027)
ControllerOrientation1 (0.934796 -0.298318 0.089877 0.170543)
ControllerPainting1 0
-------------------|
LeftCamera (0.999903 0.013234 0.004363 0.000000 / -0.013079 0.783215 0.621614 0.000000 / 0.004809 -0.621610 0.783312 -0.000000 / 0.137065 -1.482203 -0.672014 1.000000)
RightCamera (0.999903 0.013234 0.004363 0.000000 / -0.013079 0.783215 0.621614 0.000000 / 0.004809 -0.621610 0.783312 -0.000000 / 0.076265 -1.482203 -0.672014 1.000000)
ModelPosition (0.135036 1.084677 -1.362182)
ModelOrientation (0.120096 -0.079363 -0.635260 -0.758764)
ModelScale 0.000507
Brush radius 0.050388
drawColor 1
ControllerPosition0 (-0.306863 0.761125 -0.396588)
ControllerOrientation0 (0.889214 -0.318334 -0.084380 -0.317556)
ControllerPainting0 0
ControllerPosition1 (0.087492 0.783422 -0.438034)
ControllerOrientation1 (0.934193 -0.299171 0.092986 0.170687)
ControllerPainting1 0
-------------------|
LeftCamera (0.999903 0.013053 0.004888 0.000000 / -0.013262 0.783222 0.621601 0.000000 / 0.004285 -0.621606 0.783319 -0.000000 / 0.137403 -1.482333 -0.671885 1.000000)
RightCamera (0.999903 0.013053 0.004888 0.000000 / -0.013262 0.783222 0.621601 0.000000 / 0.004285 -0.621606 0.783319 -0.000000 / 0.076603 -1.482333 -0.671885 1.000000)
ModelPosition (0.134983 1.084590 -1.362222)
ModelOrientation (0.120096 -0.079363 -0.635260 -0.758764)
ModelScale 0.000507
Brush radius 0.050388
drawColor 1
ControllerPosition0 (-0.306855 0.761200 -0.396914)
ControllerOrientation0 (0.889266 -0.318142 -0.084234 -0.317641)
ControllerPainting0 0
ControllerPosition1 (0.086681 0.782409 -0.436967)
ControllerOrientation1 (0.933468 -0.300318 0.096653 0.170601)
ControllerPainting1 0
-------------------|
LeftCamera (0.999890 0.013792 0.005367 0.000000 / -0.014139 0.783126 0.621702 0.000000 / 0.004371 -0.621710 0.783236 -0.000000 / 0.138973 -1.482246 -0.671914 1.000000)
RightCamera (0.999890 0.013792 0.005367 0.000000 / -0.014139 0.783126 0.621702 0.000000 / 0.004371 -0.621710 0.783236 -0.000000 / 0.078173 -1.482246 -0.671914 1.000000)
ModelPosition (0.134932 1.084506 -1.362260)
ModelOrientation (0.120096 -0.079363 -0.635260 -0.758764)
ModelScale 0.000507
Brush radius 0.050388
drawColor 1
ControllerPosition0 (-0.306785 0.761295 -0.397113)
ControllerOrientation0 (0.889404 -0.317785 -0.084030 -0.317668)
ControllerPainting0 0
ControllerPosition1 (0.085923 0.781237 -0.435586)
ControllerOrientation1 (0.932522 -0.301588 0.101211 0.170889)
ControllerPainting1 0
-------------------|
LeftCamera (0.999890 0.013488 0.006093 0.000000 / -0.014352 0.783185 0.621624 0.000000 / 0.003612 -0.621643 0.783292 -0.000000 / 0.139149 -1.482365 -0.671650 1.000000)
RightCamera (0.999890 0.013488 0.006093 0.000000 / -0.014352 0.783185 0.621624 0.000000 / 0.003612 -0.621643 0.783292 -0.000000 / 0.078349 -1.482365 -0.671650 1.000000)
ModelPosition (0.134882 1.084422 -1.362297)
ModelOrientation (0.120096 -0.079363 -0.635260 -0.758764)
ModelScale 0.000507
Brush radius 0.050388
drawColor 1
ControllerPosition0 (-0.306635 0.761032 -0.397171)
ControllerOrientation0 (0.889469 -0.317646 -0.084497 -0.317501)
ControllerPainting0 0
ControllerPosition1 (0.085286 0.780062 -0.434160)
ControllerOrientation1 (0.931476 -0.303211 0.105313 0.171243)
ControllerPainting1 0
-------------------|
LeftCamera (0.999899 0.012740 0.006356 0.000000 / -0.013931 0.783191 0.621625 0.000000 / 0.002941 -0.621650 0.783290 -0.000000 / 0.138331 -1.482575 -0.671515 1.000000)
RightCamera (0.999899 0.012740 0.006356 0.000000 / -0.013931 0.783191 0.621625 0.000000 / 0.002941 -0.621650 0.783290 -0.000000 / 0.077531 -1.482575 -0.671515 1.000000)
ModelPosition (0.134832 1.084340 -1.362334)
ModelOrientation (0.120096 -0.079363 -0.635260 -0.758764)
ModelScale 0.000507
Brush radius 0.050388
drawColor 1
ControllerPosition0 (-0.306580 0.761040 -0.397282)
ControllerOrientation0 (0.889635 -0.317403 -0.084710 -0.317222)
ControllerPainting0 0
ControllerPosition1 (0.084666 0.778606 -0.432454)
ControllerOrientation1 (0.930052 -0.305525 0.109909 0.171983)
ControllerPainting1 0
-------------------|
LeftCamera (0.999903 0.012338 0.006431 0.000000 / -0.013663 0.783502 0.621239 0.000000 / 0.002627 -0.621267 0.783595 -0.000000 / 0.137830 -1.483048 -0.670785 1.000000)
RightCamera (0.999903 0.012338 0.006431 0.000000 / -0.013663 0.783502 0.621239 0.000000 / 0.002627 -0.621267 0.783595 -0.000000 / 0.077030 -1.483048 -0.670785 1.000000)
ModelPosition (0.134784 1.084260 -1.362370)
ModelOrientation (0.120096 -0.079363 -0.635260 -0.758764)
ModelScale 0.000507
Brush radius 0.050388
drawColor 1
ControllerPosition0 (-0.306676 0.760972 -0.397365)
ControllerOrientation0 (0.889776 -0.317471 -0.084022 -0.316941)
ControllerPainting0 0
ControllerPosition1 (0.084247 0.777144 -0.430794)
ControllerOrientation1 (0.928782 -0.308104 0.113947 0.171617)
ControllerPainting1 0
-------------------|
LeftCamera (0.999907 0.012159 0.006178 0.000000 / -0.013366 0.783604 0.621117 0.000000 / 0.002711 -0.621141 0.783694 -0.000000 / 0.137475 -1.483278 -0.670511 1.000000)
RightCamera (0.999907 0.012159 0.006178 0.000000 / -0.013366 0.783604 0.621117 0.000000 / 0.002711 -0.621141 0.783694 -0.000000 / 0.076675 -1.483278 -0.670511 1.000000)
ModelPosition (0.134737 1.084182 -1.362405)
ModelOrientation (0.120096 -0.079363 -0.635260 -0.758764)
ModelScale 0.000507
Brush radius 0.050388
drawColor 1
ControllerPosition0 (-0.306800 0.760636 -0.397274)
ControllerOrientation0 (0.889588 -0.318334 -0.083539 -0.316731)
ControllerPainting0 0
ControllerPosition1 (0.084077 0.775648 -0.428978)
ControllerOrientation1 (0.927364 -0.310592 0.117664 0.172289)
ControllerPainting1 0
-------------------|
LeftCamera (0.999911 0.011754 0.006318 0.000000 / -0.013137 0.783900 0.620749 0.000000 / 0.002344 -0.620776 0.783984 -0.000000 / 0.137062 -1.483793 -0.669717 1.000000)
RightCamera (0.999911 0.011754 0.006318 0.000000 / -0.013137 0.783900 0.620749 0.000000 / 0.002344 -0.620776 0.783984 -0.000000 / 0.076262 -1.483793 -0.669717 1.000000)
ModelPosition (0.134690 1.084105 -1.362440)
ModelOrientation (0.120096 -0.079363 -0.635260 -0.758764)
ModelScale 0.000507
Brush radius 0.050388
drawColor 1
ControllerPosition0 (-0.306844 0.760477 -0.397171)
ControllerOrientation0 (0.889441 -0.318991 -0.083472 -0.316500)
ControllerPainting0 0
ControllerPosition1 (0.083912 0.774007 -0.427120)
ControllerOrientation1 (0.925871 -0.313326 0.120936 0.173103)
ControllerPainting1 0
-------------------|
LeftCamera (0.999909 0.011830 0.006410 0.000000 / -0.013254 0.783994 0.620627 0.000000 / 0.002317 -0.620656 0.784080 -0.000000 / 0.137138 -1.484103 -0.669268 1.000000)
RightCamera (0.999909 0.011830 0.006410 0.000000 / -0.013254 0.783994 0.620627 0.000000 / 0.002317 -0.620656 0.784080 -0.000000 / 0.076338 -1.484103 -0.669268 1.000000)
ModelPosition (0.134645 1.084029 -1.362474)
ModelOrientation (0.120096 -0.079363 -0.635260 -0.758764)
ModelScale 0.000507
Brush radius 0.050388
drawColor 1
ControllerPosition0 (-0.306936 0.760312 -0.397160)
ControllerOrientation0 (0.889455 -0.319117 -0.083402 -0.316351)
ControllerPainting0 0
ControllerPosition1 (0.084252 0.772174 -0.425230)
ControllerOrientation1 (0.924395 -0.317615 0.123258 0.171529)
ControllerPainting1 0
-------------------|
LeftCamera (0.999907 0.011902 0.006623 0.000000 / -0.013444 0.784218 0.620340 0.000000 / 0.002189 -0.620371 0.784305 -0.000000 / 0.137407 -1.484485 -0.668588 1.000000)
RightCamera (0.999907 0.011902 0.006623 0.000000 / -0.013444 0.784218 0.620340 0.000000 / 0.002189 -0.620371 0.784305 -0.000000 / 0.076607 -1.484485 -0.668588 1.000000)
ModelPosition (0.134600 1.083956 -1.362507)
ModelOrientation (0.120096 -0.079363 -0.635260 -0.758764)
ModelScale 0.000507
Brush radius 0.050388
drawColor 1
ControllerPosition0 (-0.306919 0.760013 -0.397217)
ControllerOrientation0 (0.889394 -0.319026 -0.083514 -0.316586)
ControllerPainting0 0
ControllerPosition1 (0.084361 0.770359 -0.423289)
ControllerOrientation1 (0.922521 -0.322221 0.126017 0.171024)
ControllerPainting1 0
-------------------|
LeftCamera (0.999906 0.011859 0.006824 0.000000 / -0.013536 0.784478 0.620008 0.000000 / 0.002000 -0.620043 0.784565 -0.000000 / 0.137633 -1.484954 -0.667800 1.000000)
RightCamera (0.999906 0.011859 0.006824 0.000000 / -0.013536 0.784478 0.620008 0.000000 / 0.002000 -0.620043 0.784565 -0.000000 / 0.076833 -1.484954 -0.667800 1.000000)
ModelPosition (0.134556 1.083883 -1.362540)
ModelOrientation (0.120096 -0.079363 -0.635260 -0.758764)
ModelScale 0.000507
Brush radius 0.050388
drawColor 1
ControllerPosition0 (-0.306792 0.760008 -0.397509)
ControllerOrientation0 (0.889430 -0.319145 -0.083622 -0.316337)
ControllerPainting0 0
ControllerPosition1 (0.084706 0.768707 -0.421099)
ControllerOrientation1 (0.920981 -0.326884 0.127948 0.169027)
ControllerPainting1 0
-------------------|
LeftCamera (0.999905 0.011931 0.006911 0.000000 / -0.013646 0.784472 0.620014 0.000000 / 0.001976 -0.620049 0.784560 -0.000000 / 0.137799 -1.485095 -0.667645 1.000000)
RightCamera (0.999905 0.011931 0.006911 0.000000 / -0.013646 0.784472 0.620014 0.000000 / 0.001976 -0.620049 0.784560 -0.000000 / 0.076999 -1.485095 -0.667645 1.000000)
ModelPosition (0.134513 1.083812 -1.362572)
ModelOrientation (0.120096 -0.079363 -0.635260 -0.758764)
ModelScale 0.000507
Brush radius 0.050388
drawColor 1
ControllerPosition0 (-0.306721 0.760032 -0.397705)
ControllerOrientation0 (0.889436 -0.319322 -0.083655 -0.316130)
ControllerPainting0 0
ControllerPosition1 (0.085094 0.766982 -0.419069)
ControllerOrientation1 (0.919333 -0.329967 0.130392 0.170135)
ControllerPainting1 0
-------------------|
LeftCamera (0.999902 0.012142 0.006940 0.000000 / -0.013829 0.784503 0.619971 0.000000 / 0.002083 -0.620006 0.784594 -0.000000 / 0.138139 -1.485208 -0.667482 1.000000)
RightCamera (0.999902 0.012142 0.006940 0.000000 / -0.013829 0.784503 0.619971 0.000000 / 0.002083 -0.620006 0.784594 -0.000000 / 0.077339 -1.485208 -0.667482 1.000000)
ModelPosition (0.134471 1.083742 -1.362603)
ModelOrientation (0.120096 -0.079363 -0.635260 -0.758764)
ModelScale 0.000507
Brush radius 0.050388
drawColor 1
ControllerPosition0 (-0.306605 0.759740 -0.397813)
ControllerOrientation0 (0.889356 -0.319491 -0.084131 -0.316058)
ControllerPainting0 0
ControllerPosition1 (0.085575 0.765530 -0.417408)
ControllerOrientation1 (0.917867 -0.332162 0.131686 0.172765)
ControllerPainting1 0
-------------------|
LeftCamera (0.999901 0.012260 0.006878 0.000000 / -0.013885 0.784715 0.619701 0.000000 / 0.002200 -0.619736 0.784807 -0.000000 / 0.138326 -1.485482 -0.666809 1.000000)
RightCamera (0.999901 0.012260 0.006878 0.000000 / -0.013885 0.784715 0.619701 0.000000 / 0.002200 -0.619736 0.784807 -0.000000 / 0.077526 -1.485482 -0.666809 1.000000)
ModelPosition (0.134429 1.083673 -1.362634)
ModelOrientation (0.120096 -0.079363 -0.635260 -0.758764)
ModelScale 0.000507
Brush radius 0.050388
drawColor 1
ControllerPosition0 (-0.306532 0.759620 -0.397986)
ControllerOrientation0 (0.889283 -0.319618 -0.084511 -0.316035)
ControllerPainting0 0
ControllerPosition1 (0.086405 0.764359 -0.415935)
ControllerOrientation1 (0.917018 -0.334828 0.130902 0.172723)
ControllerPainting1 0
-------------------|
LeftCamera (0.999903 0.011977 0.007126 0.000000 / -0.013816 0.784643 0.619794 0.000000 / 0.001832 -0.619832 0.784732 -0.000000 / 0.137987 -1.485595 -0.666730 1.000000)
RightCamera (0.999903 0.011977 0.007126 0.000000 / -0.013816 0.784643 0.619794 0.000000 / 0.001832 -0.619832 0.784732 -0.000000 / 0.077187 -1.485595 -0.666730 1.000000)
ModelPosition (0.134389 1.083606 -1.362664)
ModelOrientation (0.120096 -0.079363 -0.635260 -0.758764)
ModelScale 0.000507
Brush radius 0.050388
drawColor 1
ControllerPosition0 (-0.306406 0.759676 -0.398245)
ControllerOrientation0 (0.889295 -0.319546 -0.084576 -0.316057)
ControllerPainting0 0
ControllerPosition1 (0.087740 0.763110 -0.414571)
ControllerOrientation1 (0.916227 -0.337996 0.128743 0.172373)
ControllerPainting1 0
-------------------|
LeftCamera (0.999903 0.011912 0.007191 0.000000 / -0.013804 0.784575 0.619880 0.000000 / 0.001742 -0.619919 0.784664 -0.000000 / 0.137973 -1.485711 -0.666688 1.000000)
RightCamera (0.999903 0.011912 0.007191 0.000000 / -0.013804 0.784575 0.619880 0.000000 / 0.001742 -0.619919 0.784664 -0.000000 / 0.077173 -1.485711 -0.666688 1.000000)
ModelPosition (0.134350 1.083541 -1.362694)
ModelOrientation (0.120096 -0.079363 -0.635260 -0.758764)
ModelScale 0.000507
Brush radius 0.050388
drawColor 1
ControllerPosition0 (-0.306330 0.759418 -0.398290)
ControllerOrientation0 (0.889149 -0.319705 -0.084937 -0.316212)
ControllerPainting0 0
ControllerPosition1 (0.089067 0.761897 -0.413391)
ControllerOrientation1 (0.915368 -0.342226 0.125437 0.171024)
ControllerPainting1 0
-------------------|
LeftCamera (0.999906 0.012005 0.006658 0.000000 / -0.013546 0.784344 0.620178 0.000000 / 0.002223 -0.620210 0.784433 -0.000000 / 0.137886 -1.485551 -0.667013 1.000000)
RightCamera (0.999906 0.012005 0.006658 0.000000 / -0.013546 0.784344 0.620178 0.000000 / 0.002223 -0.620210 0.784433 -0.000000 / 0.077086 -1.485551 -0.667013 1.000000)
ModelPosition (0.134311 1.083477 -1.362722)
ModelOrientation (0.120096 -0.079363 -0.635260 -0.758764)
ModelScale 0.000507
Brush radius 0.050388
drawColor 1
ControllerPosition0 (-0.306343 0.759409 -0.398454)
ControllerOrientation0 (0.888995 -0.320183 -0.084989 -0.316145)
ControllerPainting0 0
ControllerPosition1 (0.090269 0.760508 -0.412040)
ControllerOrientation1 (0.914255 -0.346064 0.123012 0.171015)
ControllerPainting1 0
-------------------|
LeftCamera (0.999908 0.011643 0.006972 0.000000 / -0.013457 0.784093 0.620497 0.000000 / 0.001758 -0.620534 0.784178 -0.000000 / 0.137483 -1.485459 -0.667279 1.000000)
RightCamera (0.999908 0.011643 0.006972 0.000000 / -0.013457 0.784093 0.620497 0.000000 / 0.001758 -0.620534 0.784178 -0.000000 / 0.076683 -1.485459 -0.667279 1.000000)
ModelPosition (0.134273 1.083413 -1.362751)
ModelOrientation (0.120096 -0.079363 -0.635260 -0.758764)
ModelScale 0.000507
Brush radius 0.050388
drawColor 1
ControllerPosition0 (-0.306355 0.759365 -0.398596)
ControllerOrientation0 (0.888948 -0.320288 -0.085141 -0.316131)
ControllerPainting0 0
ControllerPosition1 (0.091413 0.759272 -0.410941)
ControllerOrientation1 (0.913360 -0.348820 0.120958 0.171662)
ControllerPainting1 0
-------------------|
LeftCamera (0.999904 0.011969 0.006965 0.000000 / -0.013708 0.784003 0.620606 0.000000 / 0.001967 -0.620642 0.784092 -0.000000 / 0.138011 -1.485534 -0.667279 1.000000)
RightCamera (0.999904 0.011969 0.006965 0.000000 / -0.013708 0.784003 0.620606 0.000000 / 0.001967 -0.620642 0.784092 -0.000000 / 0.077211 -1.485534 -0.667279 1.000000)
ModelPosition (0.134236 1.083352 -1.362778)
ModelOrientation (0.120096 -0.079363 -0.635260 -0.758764)
ModelScale 0.000507
Brush radius 0.050388
drawColor 1
ControllerPosition0 (-0.306347 0.759147 -0.398636)
ControllerOrientation0 (0.889134 -0.320125 -0.084793 -0.315865)
ControllerPainting0 0
ControllerPosition1 (0.092163 0.758292 -0.409761)
ControllerOrientation1 (0.912621 -0.350482 0.120104 0.172802)
ControllerPainting1 0
-------------------|
LeftCamera (0.999900 0.012401 0.006836 0.000000 / -0.013966 0.783974 0.620637 0.000000 / 0.002337 -0.620670 0.784069 -0.000000 / 0.138670 -1.485560 -0.667054 1.000000)
RightCamera (0.999900 0.012401 0.006836 0.000000 / -0.013966 0.783974 0.620637 0.000000 / 0.002337 -0.620670 0.784069 -0.000000 / 0.077870 -1.485560 -0.667054 1.000000)
ModelPosition (0.134199 1.083292 -1.362806)
ModelOrientation (0.120096 -0.079363 -0.635260 -0.758764)
ModelScale 0.000507
Brush radius 0.050388
drawColor 1
ControllerPosition0 (-0.306498 0.759048 -0.398615)
ControllerOrientation0 (0.889086 -0.320422 -0.084747 -0.315712)
ControllerPainting0 0
ControllerPosition1 (0.092701 0.757910 -0.409064)
ControllerOrientation1 (0.912501 -0.351466 0.119602 0.171784)
ControllerPainting1 0
-------------------|
LeftCamera (0.999895 0.012734 0.006859 0.000000 / -0.014240 0.783503 0.621225 0.000000 / 0.002537 -0.621258 0.783602 -0.000000 / 0.139007 -1.485158 -0.667859 1.000000)
RightCamera (0.999895 0.012734 0.006859 0.000000 / -0.014240 0.783503 0.621225 0.000000 / 0.002537 -0.621258 0.783602 -0.000000 / 0.078208 -1.485158 -0.667859 1.000000)
ModelPosition (0.134163 1.083233 -1.362832)
ModelOrientation (0.120096 -0.079363 -0.635260 -0.758764)
ModelScale 0.000507
Brush radius 0.050388
drawColor 1
ControllerPosition0 (-0.306479 0.759185 -0.398915)
ControllerOrientation0 (0.889052 -0.320619 -0.084617 -0.315643)
ControllerPainting0 0
ControllerPosition1 (0.093235 0.757261 -0.408345)
ControllerOrientation1 (0.912190 -0.352542 0.119750 0.171125)
ControllerPainting1 0
-------------------|
LeftCamera (0.999892 0.013270 0.006362 0.000000 / -0.014350 0.783171 0.621640 0.000000 / 0.003267 -0.621664 0.783277 -0.000000 / 0.139362 -1.484823 -0.668415 1.000000)
RightCamera (0.999892 0.013270 0.006362 0.000000 / -0.014350 0.783171 0.621640 0.000000 / 0.003267 -0.621664 0.783277 -0.000000 / 0.078562 -1.484823 -0.668415 1.000000)
ModelPosition (0.134128 1.083175 -1.362858)
ModelOrientation (0.120096 -0.079363 -0.635260 -0.758764)
ModelScale 0.000507
Brush radius 0.050388
drawColor 1
ControllerPosition0 (-0.306483 0.758952 -0.398996)
ControllerOrientation0 (0.889127 -0.320651 -0.084437 -0.315446)
ControllerPainting0 0
ControllerPosition1 (0.093439 0.756815 -0.407798)
ControllerOrientation1 (0.911353 -0.353311 0.120956 0.173137)
ControllerPainting1 0
-------------------|
LeftCamera (0.999874 0.014734 0.005839 0.000000 / -0.015170 0.783172 0.621620 0.000000 / 0.004586 -0.621630 0.783297 -0.000000 / 0.141144 -1.484704 -0.668170 1.000000)
RightCamera (0.999874 0.014734 0.005839 0.000000 / -0.015170 0.783172 0.621620 0.000000 / 0.004586 -0.621630 0.783297 -0.000000 / 0.080344 -1.484704 -0.668170 1.000000)
ModelPosition (0.134094 1.083118 -1.362884)
ModelOrientation (0.120096 -0.079363 -0.635260 -0.758764)
ModelScale 0.000507
Brush radius 0.050388
drawColor 1
ControllerPosition0 (-0.306455 0.759107 -0.399284)
ControllerOrientation0 (0.889096 -0.320706 -0.084547 -0.315448)
ControllerPainting0 0
ControllerPosition1 (0.093855 0.756401 -0.407371)
ControllerOrientation1 (0.910528 -0.354274 0.121152 0.175362)
ControllerPainting1 0
-------------------|
LeftCamera (0.999872 0.015033 0.005476 0.000000 / -0.015178 0.783078 0.621739 0.000000 / 0.005058 -0.621742 0.783206 -0.000000 / 0.141254 -1.484707 -0.668236 1.000000)
RightCamera (0.999872 0.015033 0.005476 0.000000 / -0.015178 0.783078 0.621739 0.000000 / 0.005058 -0.621742 0.783206 -0.000000 / 0.080454 -1.484707 -0.668236 1.000000)
ModelPosition (0.134061 1.083062 -1.362909)
ModelOrientation (0.120096 -0.079363 -0.635260 -0.758764)
ModelScale 0.000507
Brush radius 0.050388
drawColor 1
ControllerPosition0 (-0.306410 0.759213 -0.399567)
ControllerOrientation0 (0.888893 -0.320792 -0.085159 -0.315769)
ControllerPainting0 0
ControllerPosition1 (0.094518 0.756115 -0.407122)
ControllerOrientation1 (0.910561 -0.354443 0.120055 0.175603)
ControllerPainting1 0
-------------------|
LeftCamera (0.999877 0.014836 0.005000 0.000000 / -0.014727 0.782966 0.621889 0.000000 / 0.005311 -0.621887 0.783089 -0.000000 / 0.140701 -1.484854 -0.668457 1.000000)
RightCamera (0.999877 0.014836 0.005000 0.000000 / -0.014727 0.782966 0.621889 0.000000 / 0.005311 -0.621887 0.783089 -0.000000 / 0.079901 -1.484854 -0.668457 1.000000)
ModelPosition (0.134027 1.083007 -1.362933)
ModelOrientation (0.120096 -0.079363 -0.635260 -0.758764)
ModelScale 0.000507
Brush radius 0.050388
drawColor 1
ControllerPosition0 (-0.306248 0.758983 -0.399688)
ControllerOrientation0 (0.888973 -0.320679 -0.085484 -0.315570)
ControllerPainting0 0
ControllerPosition1 (0.094859 0.756066 -0.406724)
ControllerOrientation1 (0.910741 -0.353839 0.119670 0.176149)
ControllerPainting1 0
-------------------|
LeftCamera (0.999874 0.015304 0.004215 0.000000 / -0.014607 0.783048 0.621790 0.000000 / 0.006215 -0.621773 0.783173 -0.000000 / 0.140908 -1.485067 -0.668175 1.000000)
RightCamera (0.999874 0.015304 0.004215 0.000000 / -0.014607 0.783048 0.621790 0.000000 / 0.006215 -0.621773 0.783173 -0.000000 / 0.080108 -1.485067 -0.668175 1.000000)
ModelPosition (0.133995 1.082953 -1.362958)
ModelOrientation (0.120096 -0.079363 -0.635260 -0.758764)
ModelScale 0.000507
Brush radius 0.050388
drawColor 1
ControllerPosition0 (-0.306393 0.759010 -0.399810)
ControllerOrientation0 (0.889056 -0.320669 -0.085621 -0.315309)
ControllerPainting0 0
ControllerPosition1 (0.095515 0.755916 -0.406991)
ControllerOrientation1 (0.909997 -0.355505 0.118102 0.177692)
ControllerPainting1 0
-------------------|
LeftCamera (0.999872 0.015597 0.003636 0.000000 / -0.014478 0.783195 0.621608 0.000000 / 0.006847 -0.621581 0.783320 -0.000000 / 0.140885 -1.485428 -0.667631 1.000000)
RightCamera (0.999872 0.015597 0.003636 0.000000 / -0.014478 0.783195 0.621608 0.000000 / 0.006847 -0.621581 0.783320 -0.000000 / 0.080085 -1.485428 -0.667631 1.000000)
ModelPosition (0.133964 1.082902 -1.362981)
ModelOrientation (0.120096 -0.079363 -0.635260 -0.758764)
ModelScale 0.000507
Brush radius 0.050388
drawColor 1
ControllerPosition0 (-0.306398 0.759121 -0.400272)
ControllerOrientation0 (0.888927 -0.321097 -0.085565 -0.315253)
ControllerPainting0 0
ControllerPosition1 (0.096032 0.755817 -0.407046)
ControllerOrientation1 (0.909994 -0.356174 0.116577 0.177372)
ControllerPainting1 0
-------------------|
LeftCamera (0.999878 0.015267 0.003205 0.000000 / -0.013951 0.783235 0.621570 0.000000 / 0.006979 -0.621539 0.783352 -0.000000 / 0.140136 -1.485738 -0.667457 1.000000)
RightCamera (0.999878 0.015267 0.003205 0.000000 / -0.013951 0.783235 0.621570 0.000000 / 0.006979 -0.621539 0.783352 -0.000000 / 0.079336 -1.485738 -0.667457 1.000000)
ModelPosition (0.133933 1.082850 -1.363004)
ModelOrientation (0.120096 -0.079363 -0.635260 -0.758764)
ModelScale 0.000507
Brush radius 0.050388
drawColor 1
ControllerPosition0 (-0.306347 0.758839 -0.400390)
ControllerOrientation0 (0.888750 -0.321468 -0.085834 -0.315300)
ControllerPainting0 0
ControllerPosition1 (0.095945 0.756299 -0.407474)
ControllerOrientation1 (0.910740 -0.355618 0.115860 0.175113)
ControllerPainting1 0
-------------------|
LeftCamera (0.999878 0.015269 0.003197 0.000000 / -0.013947 0.783150 0.621676 0.000000 / 0.006989 -0.621645 0.783268 -0.000000 / 0.140248 -1.485824 -0.667455 1.000000)
RightCamera (0.999878 0.015269 0.003197 0.000000 / -0.013947 0.783150 0.621676 0.000000 / 0.006989 -0.621645 0.783268 -0.000000 / 0.079448 -1.485824 -0.667455 1.000000)
ModelPosition (0.133902 1.082800 -1.363026)
ModelOrientation (0.120096 -0.079363 -0.635260 -0.758764)
ModelScale 0.000507
Brush radius 0.050388
drawColor 1
ControllerPosition0 (-0.306373 0.758943 -0.400741)
ControllerOrientation0 (0.888710 -0.321370 -0.086093 -0.315441)
ControllerPainting0 0
ControllerPosition1 (0.095891 0.756859 -0.408091)
ControllerOrientation1 (0.911726 -0.354591 0.114380 0.173028)
ControllerPainting1 0
-------------------|
LeftCamera (0.999874 0.015570 0.003051 0.000000 / -0.014090 0.783004 0.621858 0.000000 / 0.007293 -0.621822 0.783124 -0.000000 / 0.140721 -1.485721 -0.667565 1.000000)
RightCamera (0.999874 0.015570 0.003051 0.000000 / -0.014090 0.783004 0.621858 0.000000 / 0.007293 -0.621822 0.783124 -0.000000 / 0.079921 -1.485721 -0.667565 1.000000)
ModelPosition (0.133872 1.082751 -1.363049)
ModelOrientation (0.120096 -0.079363 -0.635260 -0.758764)
ModelScale 0.000507
Brush radius 0.050388
drawColor 1
ControllerPosition0 (-0.306328 0.759024 -0.401019)
ControllerOrientation0 (0.888649 -0.321074 -0.086622 -0.315770)
ControllerPainting0 0
ControllerPosition1 (0.095863 0.756497 -0.408174)
ControllerOrientation1 (0.909805 -0.353685 0.117868 0.182400)
ControllerPainting1 0
-------------------|
LeftCamera (0.999877 0.015277 0.003517 0.000000 / -0.014148 0.782786 0.622130 0.000000 / 0.006751 -0.622103 0.782906 -0.000000 / 0.140603 -1.485590 -0.667892 1.000000)
RightCamera (0.999877 0.015277 0.003517 0.000000 / -0.014148 0.782786 0.622130 0.000000 / 0.006751 -0.622103 0.782906 -0.000000 / 0.079803 -1.485590 -0.667892 1.000000)
ModelPosition (0.133843 1.082702 -1.363070)
ModelOrientation (0.120096 -0.079363 -0.635260 -0.758764)
ModelScale 0.000507
Brush radius 0.050388
drawColor 1
ControllerPosition0 (-0.306156 0.758877 -0.401221)
ControllerOrientation0 (0.888595 -0.320700 -0.087304 -0.316114)
ControllerPainting0 0
ControllerPosition1 (0.096469 0.755879 -0.408380)
