-------------------|
LeftCamera (-0.171042 -0.136710 -0.975733 0.000000 / -0.022754 0.990611 -0.134806 0.000000 / 0.985001 -0.000856 -0.172547 0.000000 / 0.313655 -1.619105 0.089633 1.000000)
RightCamera (-0.171042 -0.136710 -0.975733 0.000000 / -0.022754 0.990611 -0.134806 0.000000 / 0.985001 -0.000856 -0.172547 0.000000 / 0.252855 -1.619105 0.089633 1.000000)
ModelPosition (5.745019 -0.219241 1.199779)
ModelOrientation (-0.419407 0.312589 -0.627653 -0.576575)
ModelScale 0.004941
Brush radius 0.037441
drawColor 5
ControllerPosition0 (0.071692 0.774370 -0.300385)
ControllerOrientation0 (-0.221770 -0.178696 0.877366 0.386155)
ControllerPainting0 0
ControllerPosition1 (0.118344 0.940464 -0.177540)
ControllerOrientation1 (0.745872 -0.122323 -0.653590 0.039137)
ControllerPainting1 0
-------------------|
LeftCamera (-0.171198 -0.137011 -0.975663 0.000000 / -0.022638 0.990569 -0.135132 0.000000 / 0.984977 -0.001047 -0.172685 0.000000 / 0.313286 -1.619052 0.090292 1.000000)
RightCamera (-0.171198 -0.137011 -0.975663 0.000000 / -0.022638 0.990569 -0.135132 0.000000 / 0.984977 -0.001047 -0.172685 0.000000 / 0.252486 -1.619052 0.090292 1.000000)
ModelPosition (5.745019 -0.219241 1.199779)
ModelOrientation (-0.419407 0.312589 -0.627653 -0.576575)
ModelScale 0.004941
Brush radius 0.037441
drawColor 5
ControllerPosition0 (0.071856 0.774222 -0.300258)
ControllerOrientation0 (-0.221782 -0.178269 0.877304 0.386485)
ControllerPainting0 0
ControllerPosition1 (0.118640 0.940683 -0.177525)
ControllerOrientation1 (0.745510 -0.122358 -0.653990 0.039250)
ControllerPainting1 0
-------------------|
LeftCamera (-0.171316 -0.137368 -0.975593 0.000000 / -0.022608 0.990519 -0.135500 0.000000 / 0.984957 -0.001157 -0.172797 0.000000 / 0.313044 -1.619017 0.091040 1.000000)
RightCamera (-0.171316 -0.137368 -0.975593 0.000000 / -0.022608 0.990519 -0.135500 0.000000 / 0.984957 -0.001157 -0.172797 0.000000 / 0.252244 -1.619017 0.091040 1.000000)
ModelPosition (5.745019 -0.219241 1.199779)
ModelOrientation (-0.419407 0.312589 -0.627653 -0.576575)
ModelScale 0.004941
Brush radius 0.037441
drawColor 5
ControllerPosition0 (0.071891 0.774319 -0.300037)
ControllerOrientation0 (-0.221806 -0.178025 0.877434 0.386287)
ControllerPainting0 0
ControllerPosition1 (0.118738 0.941275 -0.177666)
ControllerOrientation1 (0.745887 -0.121739 -0.653605 0.040402)
ControllerPainting1 0
-------------------|
LeftCamera (-0.171351 -0.137323 -0.975593 0.000000 / -0.022777 0.990526 -0.135425 0.000000 / 0.984947 -0.000984 -0.172856 0.000000 / 0.313339 -1.619044 0.090856 1.000000)
RightCamera (-0.171351 -0.137323 -0.975593 0.000000 / -0.022777 0.990526 -0.135425 0.000000 / 0.984947 -0.000984 -0.172856 0.000000 / 0.252539 -1.619044 0.090856 1.000000)
ModelPosition (5.745019 -0.219241 1.199779)
ModelOrientation (-0.419407 0.312589 -0.627653 -0.576575)
ModelScale 0.004941
Brush radius 0.037441
drawColor 5
ControllerPosition0 (0.071985 0.774361 -0.299949)
ControllerOrientation0 (-0.221675 -0.177846 0.877508 0.386278)
ControllerPainting0 0
ControllerPosition1 (0.118856 0.941428 -0.177641)
ControllerOrientation1 (0.746104 -0.121661 -0.653346 0.040836)
ControllerPainting1 0
-------------------|
LeftCamera (-0.171548 -0.136974 -0.975607 0.000000 / -0.022551 0.990574 -0.135110 0.000000 / 0.984918 -0.001177 -0.173020 0.000000 / 0.312841 -1.619108 0.090461 1.000000)
RightCamera (-0.171548 -0.136974 -0.975607 0.000000 / -0.022551 0.990574 -0.135110 0.000000 / 0.984918 -0.001177 -0.173020 0.000000 / 0.252041 -1.619108 0.090461 1.000000)
ModelPosition (5.745019 -0.219241 1.199779)
ModelOrientation (-0.419407 0.312589 -0.627653 -0.576575)
ModelScale 0.004941
Brush radius 0.037441
drawColor 5
ControllerPosition0 (0.071995 0.774236 -0.299903)
ControllerOrientation0 (-0.221919 -0.177927 0.877432 0.386273)
ControllerPainting0 0
ControllerPosition1 (0.118702 0.942372 -0.177838)
ControllerOrientation1 (0.746207 -0.117553 -0.653860 0.042696)
ControllerPainting1 0
-------------------|
LeftCamera (-0.171732 -0.136827 -0.975596 0.000000 / -0.022601 0.990594 -0.134952 0.000000 / 0.984885 -0.001126 -0.173209 0.000000 / 0.312901 -1.619087 0.090134 1.000000)
RightCamera (-0.171732 -0.136827 -0.975596 0.000000 / -0.022601 0.990594 -0.134952 0.000000 / 0.984885 -0.001126 -0.173209 0.000000 / 0.252101 -1.619087 0.090134 1.000000)
ModelPosition (5.745019 -0.219241 1.199779)
ModelOrientation (-0.419407 0.312589 -0.627653 -0.576575)
ModelScale 0.004941
Brush radius 0.037441
drawColor 5
ControllerPosition0 (0.072062 0.774298 -0.299739)
ControllerOrientation0 (-0.221780 -0.178314 0.877341 0.386382)
ControllerPainting0 0
ControllerPosition1 (0.118656 0.942842 -0.177800)
ControllerOrientation1 (0.746279 -0.115848 -0.654013 0.043740)
ControllerPainting1 0
-------------------|
LeftCamera (-0.171841 -0.136698 -0.975594 0.000000 / -0.022659 0.990612 -0.134811 0.000000 / 0.984864 -0.001060 -0.173325 0.000000 / 0.312925 -1.619094 0.089917 1.000000)
RightCamera (-0.171841 -0.136698 -0.975594 0.000000 / -0.022659 0.990612 -0.134811 0.000000 / 0.984864 -0.001060 -0.173325 0.000000 / 0.252125 -1.619094 0.089917 1.000000)
ModelPosition (5.745019 -0.219241 1.199779)
ModelOrientation (-0.419407 0.312589 -0.627653 -0.576575)
ModelScale 0.004941
Brush radius 0.037441
drawColor 5
ControllerPosition0 (0.072032 0.774221 -0.299742)
ControllerOrientation0 (-0.221665 -0.178261 0.877467 0.386187)
ControllerPainting0 0
ControllerPosition1 (0.118490 0.942871 -0.177930)
ControllerOrientation1 (0.746424 -0.115592 -0.653844 0.044488)
ControllerPainting1 0
-------------------|
LeftCamera (-0.171833 -0.136697 -0.975596 0.000000 / -0.022470 0.990612 -0.134843 0.000000 / 0.984870 -0.001249 -0.173291 0.000000 / 0.312675 -1.619094 0.089819 1.000000)
RightCamera (-0.171833 -0.136697 -0.975596 0.000000 / -0.022470 0.990612 -0.134843 0.000000 / 0.984870 -0.001249 -0.173291 0.000000 / 0.251875 -1.619094 0.089819 1.000000)
ModelPosition (5.745019 -0.219241 1.199779)
ModelOrientation (-0.419407 0.312589 -0.627653 -0.576575)
ModelScale 0.004941
Brush radius 0.037441
drawColor 5
ControllerPosition0 (0.072045 0.774257 -0.299632)
ControllerOrientation0 (-0.221499 -0.178477 0.877510 0.386084)
ControllerPainting0 0
ControllerPosition1 (0.118434 0.942984 -0.178026)
ControllerOrientation1 (0.746698 -0.115883 -0.653421 0.045323)
ControllerPainting1 0
-------------------|
LeftCamera (-0.171999 -0.136653 -0.975573 0.000000 / -0.022296 0.990618 -0.134829 0.000000 / 0.984845 -0.001439 -0.173432 0.000000 / 0.312372 -1.619129 0.089775 1.000000)
RightCamera (-0.171999 -0.136653 -0.975573 0.000000 / -0.022296 0.990618 -0.134829 0.000000 / 0.984845 -0.001439 -0.173432 0.000000 / 0.251572 -1.619129 0.089775 1.000000)
ModelPosition (5.745019 -0.219241 1.199779)
ModelOrientation (-0.419407 0.312589 -0.627653 -0.576575)
ModelScale 0.004941
Brush radius 0.037441
drawColor 5
ControllerPosition0 (0.072087 0.774343 -0.299380)
ControllerOrientation0 (-0.221267 -0.178611 0.877559 0.386042)
ControllerPainting0 0
ControllerPosition1 (0.118277 0.943103 -0.177914)
ControllerOrientation1 (0.746846 -0.115092 -0.653375 0.045556)
ControllerPainting1 0
-------------------|
LeftCamera (-0.172077 -0.136715 -0.975550 0.000000 / -0.022001 0.990609 -0.134945 0.000000 / 0.984838 -0.001758 -0.173469 0.000000 / 0.311845 -1.619204 0.090163 1.000000)
RightCamera (-0.172077 -0.136715 -0.975550 0.000000 / -0.022001 0.990609 -0.134945 0.000000 / 0.984838 -0.001758 -0.173469 0.000000 / 0.251045 -1.619204 0.090163 1.000000)
ModelPosition (5.745019 -0.219241 1.199779)
ModelOrientation (-0.419407 0.312589 -0.627653 -0.576575)
ModelScale 0.004941
Brush radius 0.037441
drawColor 5
ControllerPosition0 (0.071941 0.774142 -0.299438)
ControllerOrientation0 (-0.220997 -0.178770 0.877590 0.386054)
ControllerPainting0 0
ControllerPosition1 (0.117974 0.943165 -0.178306)
ControllerOrientation1 (0.747459 -0.113106 -0.653041 0.045266)
ControllerPainting1 0
-------------------|
LeftCamera (-0.172326 -0.136915 -0.975478 0.000000 / -0.022200 0.990582 -0.135113 0.000000 / 0.984790 -0.001628 -0.173743 0.000000 / 0.312139 -1.619116 0.090385 1.000000)
RightCamera (-0.172326 -0.136915 -0.975478 0.000000 / -0.022200 0.990582 -0.135113 0.000000 / 0.984790 -0.001628 -0.173743 0.000000 / 0.251339 -1.619116 0.090385 1.000000)
ModelPosition (5.745019 -0.219241 1.199779)
ModelOrientation (-0.419407 0.312589 -0.627653 -0.576575)
ModelScale 0.004941
Brush radius 0.037441
drawColor 5
ControllerPosition0 (0.071889 0.774000 -0.299554)
ControllerOrientation0 (-0.220975 -0.178659 0.877593 0.386111)
ControllerPainting0 0
ControllerPosition1 (0.117997 0.943338 -0.178292)
ControllerOrientation1 (0.747690 -0.112089 -0.652981 0.044857)
ControllerPainting1 0
-------------------|
LeftCamera (-0.172358 -0.136648 -0.975510 0.000000 / -0.022191 0.990618 -0.134843 0.000000 / 0.984784 -0.001594 -0.173774 0.000000 / 0.312107 -1.619145 0.089968 1.000000)
RightCamera (-0.172358 -0.136648 -0.975510 0.000000 / -0.022191 0.990618 -0.134843 0.000000 / 0.984784 -0.001594 -0.173774 0.000000 / 0.251307 -1.619145 0.089968 1.000000)
ModelPosition (5.745019 -0.219241 1.199779)
ModelOrientation (-0.419407 0.312589 -0.627653 -0.576575)
ModelScale 0.004941
Brush radius 0.037441
drawColor 5
ControllerPosition0 (0.071854 0.773941 -0.299547)
ControllerOrientation0 (-0.220838 -0.178462 0.877629 0.386198)
ControllerPainting0 0
ControllerPosition1 (0.117725 0.943232 -0.178568)
ControllerOrientation1 (0.747865 -0.111114 -0.652971 0.044517)
ControllerPainting1 0
-------------------|
LeftCamera (-0.172336 -0.136559 -0.975527 0.000000 / -0.022177 0.990631 -0.134756 0.000000 / 0.984789 -0.001589 -0.173750 0.000000 / 0.312001 -1.619095 0.089937 1.000000)
RightCamera (-0.172336 -0.136559 -0.975527 0.000000 / -0.022177 0.990631 -0.134756 0.000000 / 0.984789 -0.001589 -0.173750 0.000000 / 0.251201 -1.619095 0.089937 1.000000)
ModelPosition (5.745019 -0.219241 1.199779)
ModelOrientation (-0.419407 0.312589 -0.627653 -0.576575)
ModelScale 0.004941
Brush radius 0.037441
drawColor 5
ControllerPosition0 (0.071696 0.773757 -0.299755)
ControllerOrientation0 (-0.220934 -0.177757 0.877747 0.386199)
ControllerPainting0 0
ControllerPosition1 (0.117598 0.943336 -0.178629)
ControllerOrientation1 (0.748202 -0.110019 -0.652813 0.043874)
ControllerPainting1 0
-------------------|
LeftCamera (-0.172367 -0.136438 -0.975538 0.000000 / -0.021938 0.990647 -0.134675 0.000000 / 0.984789 -0.001812 -0.173748 0.000000 / 0.311570 -1.619195 0.089951 1.000000)
RightCamera (-0.172367 -0.136438 -0.975538 0.000000 / -0.021938 0.990647 -0.134675 0.000000 / 0.984789 -0.001812 -0.173748 0.000000 / 0.250770 -1.619195 0.089951 1.000000)
ModelPosition (5.745019 -0.219241 1.199779)
ModelOrientation (-0.419407 0.312589 -0.627653 -0.576575)
ModelScale 0.004941
Brush radius 0.037441
drawColor 5
ControllerPosition0 (0.071679 0.773743 -0.299774)
ControllerOrientation0 (-0.221425 -0.176868 0.877796 0.386216)
ControllerPainting0 0
ControllerPosition1 (0.117200 0.942960 -0.178969)
ControllerOrientation1 (0.748389 -0.109916 -0.652677 0.042946)
ControllerPainting1 0
-------------------|
LeftCamera (-0.172460 -0.136478 -0.975516 0.000000 / -0.021957 0.990641 -0.134713 0.000000 / 0.984772 -0.001813 -0.173843 0.000000 / 0.311544 -1.619157 0.090054 1.000000)
RightCamera (-0.172460 -0.136478 -0.975516 0.000000 / -0.021957 0.990641 -0.134713 0.000000 / 0.984772 -0.001813 -0.173843 0.000000 / 0.250744 -1.619157 0.090054 1.000000)
ModelPosition (5.745019 -0.219241 1.199779)
ModelOrientation (-0.419407 0.312589 -0.627653 -0.576575)
ModelScale 0.004941
Brush radius 0.037441
drawColor 5
ControllerPosition0 (0.071815 0.773864 -0.299632)
ControllerOrientation0 (-0.221677 -0.176708 0.877789 0.386160)
ControllerPainting0 0
ControllerPosition1 (0.117229 0.942978 -0.178955)
ControllerOrientation1 (0.748424 -0.109903 -0.652665 0.042556)
ControllerPainting1 0
-------------------|
LeftCamera (-0.172781 -0.136754 -0.975420 0.000000 / -0.022273 0.990604 -0.134937 0.000000 / 0.984708 -0.001590 -0.174204 0.000000 / 0.312012 -1.619067 0.090349 1.000000)
RightCamera (-0.172781 -0.136754 -0.975420 0.000000 / -0.022273 0.990604 -0.134937 0.000000 / 0.984708 -0.001590 -0.174204 0.000000 / 0.251212 -1.619067 0.090349 1.000000)
ModelPosition (5.745019 -0.219241 1.199779)
ModelOrientation (-0.419407 0.312589 -0.627653 -0.576575)
ModelScale 0.004941
Brush radius 0.037441
drawColor 5
ControllerPosition0 (0.071611 0.773715 -0.299970)
ControllerOrientation0 (-0.222000 -0.176699 0.877705 0.386171)
ControllerPainting0 0
ControllerPosition1 (0.117000 0.942704 -0.179091)
ControllerOrientation1 (0.748234 -0.109829 -0.652939 0.041889)
ControllerPainting1 0
-------------------|
LeftCamera (-0.172479 -0.136997 -0.975440 0.000000 / -0.022382 0.990570 -0.135165 0.000000 / 0.984759 -0.001481 -0.173919 0.000000 / 0.312191 -1.619032 0.090801 1.000000)
RightCamera (-0.172479 -0.136997 -0.975440 0.000000 / -0.022382 0.990570 -0.135165 0.000000 / 0.984759 -0.001481 -0.173919 0.000000 / 0.251391 -1.619032 0.090801 1.000000)
ModelPosition (5.745019 -0.219241 1.199779)
ModelOrientation (-0.419407 0.312589 -0.627653 -0.576575)
ModelScale 0.004941
Brush radius 0.037441
drawColor 5
ControllerPosition0 (0.071618 0.773799 -0.299965)
ControllerOrientation0 (-0.222158 -0.176686 0.877701 0.386094)
ControllerPainting0 0
ControllerPosition1 (0.116899 0.942633 -0.179124)
ControllerOrientation1 (0.748060 -0.109911 -0.653141 0.041621)
ControllerPainting1 0
-------------------|
LeftCamera (-0.172534 -0.137120 -0.975413 0.000000 / -0.022219 0.990553 -0.135319 0.000000 / 0.984753 -0.001674 -0.173950 0.000000 / 0.311947 -1.619094 0.090931 1.000000)
RightCamera (-0.172534 -0.137120 -0.975413 0.000000 / -0.022219 0.990553 -0.135319 0.000000 / 0.984753 -0.001674 -0.173950 0.000000 / 0.251147 -1.619094 0.090931 1.000000)
ModelPosition (5.745019 -0.219241 1.199779)
ModelOrientation (-0.419407 0.312589 -0.627653 -0.576575)
ModelScale 0.004941
Brush radius 0.037441
drawColor 5
ControllerPosition0 (0.071707 0.773952 -0.299809)
ControllerOrientation0 (-0.222154 -0.176659 0.877718 0.386070)
ControllerPainting0 0
ControllerPosition1 (0.116782 0.942540 -0.179160)
ControllerOrientation1 (0.747979 -0.110057 -0.653225 0.041371)
ControllerPainting1 0
-------------------|
LeftCamera (-0.172441 -0.136756 -0.975480 0.000000 / -0.021743 0.990603 -0.135032 0.000000 / 0.984780 -0.002075 -0.173794 0.000000 / 0.311140 -1.619280 0.090502 1.000000)
RightCamera (-0.172441 -0.136756 -0.975480 0.000000 / -0.021743 0.990603 -0.135032 0.000000 / 0.984780 -0.002075 -0.173794 0.000000 / 0.250340 -1.619280 0.090502 1.000000)
ModelPosition (5.745019 -0.219241 1.199779)
ModelOrientation (-0.419407 0.312589 -0.627653 -0.576575)
ModelScale 0.004941
Brush radius 0.037441
drawColor 5
ControllerPosition0 (0.071440 0.773818 -0.300012)
ControllerOrientation0 (-0.222069 -0.176985 0.877713 0.385982)
ControllerPainting0 0
ControllerPosition1 (0.116565 0.942263 -0.179203)
ControllerOrientation1 (0.747792 -0.110400 -0.653417 0.040812)
ControllerPainting1 0
-------------------|
LeftCamera (-0.172444 -0.137126 -0.975428 0.000000 / -0.021687 0.990551 -0.135418 0.000000 / 0.984781 -0.002198 -0.173788 0.000000 / 0.311015 -1.619282 0.091142 1.000000)
RightCamera (-0.172444 -0.137126 -0.975428 0.000000 / -0.021687 0.990551 -0.135418 0.000000 / 0.984781 -0.002198 -0.173788 0.000000 / 0.250215 -1.619282 0.091142 1.000000)
ModelPosition (5.745019 -0.219241 1.199779)
ModelOrientation (-0.419407 0.312589 -0.627653 -0.576575)
ModelScale 0.004941
Brush radius 0.037441
drawColor 5
ControllerPosition0 (0.071384 0.773826 -0.300003)
ControllerOrientation0 (-0.221993 -0.177089 0.877684 0.386043)
ControllerPainting0 0
ControllerPosition1 (0.116467 0.942114 -0.179319)
ControllerOrientation1 (0.747835 -0.110425 -0.653384 0.040486)
ControllerPainting1 0
-------------------|
LeftCamera (-0.172648 -0.137720 -0.975308 0.000000 / -0.021933 0.990469 -0.135978 0.000000 / 0.984739 -0.002085 -0.174023 0.000000 / 0.311400 -1.619206 0.092013 1.000000)
RightCamera (-0.172648 -0.137720 -0.975308 0.000000 / -0.021933 0.990469 -0.135978 0.000000 / 0.984739 -0.002085 -0.174023 0.000000 / 0.250600 -1.619206 0.092013 1.000000)
ModelPosition (5.745019 -0.219241 1.199779)
ModelOrientation (-0.419407 0.312589 -0.627653 -0.576575)
ModelScale 0.004941
Brush radius 0.037441
drawColor 5
ControllerPosition0 (0.071348 0.773775 -0.300097)
ControllerOrientation0 (-0.221919 -0.177261 0.877691 0.385990)
ControllerPainting0 0
ControllerPosition1 (0.116367 0.942016 -0.179357)
ControllerOrientation1 (0.747742 -0.110293 -0.653537 0.040089)
ControllerPainting1 0
-------------------|
LeftCamera (-0.172467 -0.138305 -0.975257 0.000000 / -0.022688 0.990389 -0.136439 0.000000 / 0.984754 -0.001404 -0.173947 0.000000 / 0.312640 -1.618942 0.092835 1.000000)
RightCamera (-0.172467 -0.138305 -0.975257 0.000000 / -0.022688 0.990389 -0.136439 0.000000 / 0.984754 -0.001404 -0.173947 0.000000 / 0.251840 -1.618942 0.092835 1.000000)
ModelPosition (5.745019 -0.219241 1.199779)
ModelOrientation (-0.419407 0.312589 -0.627653 -0.576575)
ModelScale 0.004941
Brush radius 0.037441
drawColor 5
ControllerPosition0 (0.071294 0.773800 -0.300094)
ControllerOrientation0 (-0.221919 -0.177274 0.877699 0.385966)
ControllerPainting0 0
ControllerPosition1 (0.116262 0.941957 -0.179399)
ControllerOrientation1 (0.747648 -0.109807 -0.653762 0.039500)
ControllerPainting1 0
-------------------|
LeftCamera (-0.172276 -0.138677 -0.975238 0.000000 / -0.023255 0.990337 -0.136716 0.000000 / 0.984774 -0.000874 -0.173836 0.000000 / 0.313681 -1.618852 0.093181 1.000000)
RightCamera (-0.172276 -0.138677 -0.975238 0.000000 / -0.023255 0.990337 -0.136716 0.000000 / 0.984774 -0.000874 -0.173836 0.000000 / 0.252881 -1.618852 0.093181 1.000000)
ModelPosition (5.745019 -0.219241 1.199779)
ModelOrientation (-0.419407 0.312589 -0.627653 -0.576575)
ModelScale 0.004941
Brush radius 0.037441
drawColor 5
ControllerPosition0 (0.071170 0.773757 -0.300312)
ControllerOrientation0 (-0.221755 -0.177239 0.877724 0.386019)
ControllerPainting0 0
ControllerPosition1 (0.116152 0.941644 -0.179579)
ControllerOrientation1 (0.747428 -0.109498 -0.654154 0.038006)
ControllerPainting1 0
-------------------|
LeftCamera (-0.172557 -0.138798 -0.975172 0.000000 / -0.023074 0.990320 -0.136871 0.000000 / 0.984729 -0.001117 -0.174090 0.000000 / 0.313395 -1.618894 0.093283 1.000000)
RightCamera (-0.172557 -0.138798 -0.975172 0.000000 / -0.023074 0.990320 -0.136871 0.000000 / 0.984729 -0.001117 -0.174090 0.000000 / 0.252595 -1.618894 0.093283 1.000000)
ModelPosition (5.745019 -0.219241 1.199779)
ModelOrientation (-0.419407 0.312589 -0.627653 -0.576575)
ModelScale 0.004941
Brush radius 0.037441
drawColor 5
ControllerPosition0 (0.071124 0.773770 -0.300333)
ControllerOrientation0 (-0.221616 -0.177237 0.877717 0.386118)
ControllerPainting0 0
ControllerPosition1 (0.116052 0.941471 -0.179616)
ControllerOrientation1 (0.747332 -0.109785 -0.654250 0.037411)
ControllerPainting1 0
-------------------|
LeftCamera (-0.171893 -0.138121 -0.975385 0.000000 / -0.022524 0.990414 -0.136280 0.000000 / 0.984858 -0.001456 -0.173356 0.000000 / 0.312576 -1.619079 0.092356 1.000000)
RightCamera (-0.171893 -0.138121 -0.975385 0.000000 / -0.022524 0.990414 -0.136280 0.000000 / 0.984858 -0.001456 -0.173356 0.000000 / 0.251776 -1.619079 0.092356 1.000000)
ModelPosition (5.745019 -0.219241 1.199779)
ModelOrientation (-0.419407 0.312589 -0.627653 -0.576575)
ModelScale 0.004941
Brush radius 0.037441
drawColor 5
ControllerPosition0 (0.071180 0.773741 -0.300400)
ControllerOrientation0 (-0.221647 -0.177301 0.877731 0.386037)
ControllerPainting0 0
ControllerPosition1 (0.115905 0.941077 -0.179774)
ControllerOrientation1 (0.747175 -0.110691 -0.654301 0.036966)
ControllerPainting1 0
-------------------|
LeftCamera (-0.172056 -0.138011 -0.975372 0.000000 / -0.022610 0.990430 -0.136153 0.000000 / 0.984828 -0.001373 -0.173530 0.000000 / 0.312719 -1.619033 0.092087 1.000000)
RightCamera (-0.172056 -0.138011 -0.975372 0.000000 / -0.022610 0.990430 -0.136153 0.000000 / 0.984828 -0.001373 -0.173530 0.000000 / 0.251919 -1.619033 0.092087 1.000000)
ModelPosition (5.745019 -0.219241 1.199779)
ModelOrientation (-0.419407 0.312589 -0.627653 -0.576575)
ModelScale 0.004941
Brush radius 0.037441
drawColor 5
ControllerPosition0 (0.071196 0.773787 -0.300429)
ControllerOrientation0 (-0.221942 -0.177181 0.877737 0.385909)
ControllerPainting0 0
ControllerPosition1 (0.115826 0.940989 -0.179855)
ControllerOrientation1 (0.747197 -0.110789 -0.654260 0.036968)
ControllerPainting1 0
-------------------|
LeftCamera (-0.172241 -0.137933 -0.975350 0.000000 / -0.022723 0.990441 -0.136055 0.000000 / 0.984793 -0.001272 -0.173729 0.000000 / 0.312877 -1.618954 0.091858 1.000000)
RightCamera (-0.172241 -0.137933 -0.975350 0.000000 / -0.022723 0.990441 -0.136055 0.000000 / 0.984793 -0.001272 -0.173729 0.000000 / 0.252077 -1.618954 0.091858 1.000000)
ModelPosition (5.745019 -0.219241 1.199779)
ModelOrientation (-0.419407 0.312589 -0.627653 -0.576575)
ModelScale 0.004941
Brush radius 0.037441
drawColor 5
ControllerPosition0 (0.071395 0.773923 -0.300352)
ControllerOrientation0 (-0.222100 -0.177178 0.877656 0.386003)
ControllerPainting0 0
ControllerPosition1 (0.115969 0.941015 -0.179831)
ControllerOrientation1 (0.747200 -0.110848 -0.654254 0.036821)
ControllerPainting1 0
-------------------|
LeftCamera (-0.172035 -0.137897 -0.975391 0.000000 / -0.022522 0.990446 -0.136053 0.000000 / 0.984833 -0.001438 -0.173497 0.000000 / 0.312573 -1.618974 0.091898 1.000000)
RightCamera (-0.172035 -0.137897 -0.975391 0.000000 / -0.022522 0.990446 -0.136053 0.000000 / 0.984833 -0.001438 -0.173497 0.000000 / 0.251773 -1.618974 0.091898 1.000000)
ModelPosition (5.745019 -0.219241 1.199779)
ModelOrientation (-0.419407 0.312589 -0.627653 -0.576575)
ModelScale 0.004941
Brush radius 0.037441
drawColor 5
ControllerPosition0 (0.071305 0.773714 -0.300542)
ControllerOrientation0 (-0.222303 -0.176797 0.877688 0.385990)
ControllerPainting0 0
ControllerPosition1 (0.115752 0.940756 -0.180124)
ControllerOrientation1 (0.747371 -0.110860 -0.654066 0.036661)
ControllerPainting1 0
-------------------|
LeftCamera (-0.172041 -0.137729 -0.975414 0.000000 / -0.022352 0.990469 -0.135912 0.000000 / 0.984836 -0.001580 -0.173480 0.000000 / 0.312303 -1.619050 0.091639 1.000000)
RightCamera (-0.172041 -0.137729 -0.975414 0.000000 / -0.022352 0.990469 -0.135912 0.000000 / 0.984836 -0.001580 -0.173480 0.000000 / 0.251503 -1.619050 0.091639 1.000000)
ModelPosition (5.745019 -0.219241 1.199779)
ModelOrientation (-0.419407 0.312589 -0.627653 -0.576575)
ModelScale 0.004941
Brush radius 0.037441
drawColor 5
ControllerPosition0 (0.071291 0.773716 -0.300603)
ControllerOrientation0 (-0.222394 -0.176594 0.877666 0.386081)
ControllerPainting0 0
ControllerPosition1 (0.115688 0.940729 -0.180191)
ControllerOrientation1 (0.747416 -0.110576 -0.654081 0.036346)
ControllerPainting1 0
-------------------|
LeftCamera (-0.171730 -0.137816 -0.975457 0.000000 / -0.021800 0.990456 -0.136098 0.000000 / 0.984903 -0.002107 -0.173095 0.000000 / 0.311390 -1.619080 0.092043 1.000000)
RightCamera (-0.171730 -0.137816 -0.975457 0.000000 / -0.021800 0.990456 -0.136098 0.000000 / 0.984903 -0.002107 -0.173095 0.000000 / 0.250590 -1.619080 0.092043 1.000000)
ModelPosition (5.745019 -0.219241 1.199779)
ModelOrientation (-0.419407 0.312589 -0.627653 -0.576575)
ModelScale 0.004941
Brush radius 0.037441
drawColor 5
ControllerPosition0 (0.071347 0.773682 -0.300645)
ControllerOrientation0 (-0.222194 -0.176948 0.877663 0.386040)
ControllerPainting0 0
ControllerPosition1 (0.115676 0.940629 -0.180435)
ControllerOrientation1 (0.747540 -0.110283 -0.654030 0.035578)
ControllerPainting1 0
-------------------|
LeftCamera (-0.171428 -0.137856 -0.975504 0.000000 / -0.021699 0.990450 -0.136155 0.000000 / 0.984958 -0.002173 -0.172783 0.000000 / 0.311233 -1.619115 0.092155 1.000000)
RightCamera (-0.171428 -0.137856 -0.975504 0.000000 / -0.021699 0.990450 -0.136155 0.000000 / 0.984958 -0.002173 -0.172783 0.000000 / 0.250433 -1.619115 0.092155 1.000000)
ModelPosition (5.745019 -0.219241 1.199779)
ModelOrientation (-0.419407 0.312589 -0.627653 -0.576575)
ModelScale 0.004941
Brush radius 0.037441
drawColor 5
ControllerPosition0 (0.071343 0.773728 -0.300649)
ControllerOrientation0 (-0.222094 -0.177181 0.877677 0.385958)
ControllerPainting0 0
ControllerPosition1 (0.115613 0.940592 -0.180501)
ControllerOrientation1 (0.747610 -0.110226 -0.653983 0.035154)
ControllerPainting1 0
-------------------|
LeftCamera (-0.171189 -0.138065 -0.975517 0.000000 / -0.021660 0.990421 -0.136373 0.000000 / 0.985000 -0.002216 -0.172539 0.000000 / 0.311223 -1.619111 0.092440 1.000000)
RightCamera (-0.171189 -0.138065 -0.975517 0.000000 / -0.021660 0.990421 -0.136373 0.000000 / 0.985000 -0.002216 -0.172539 0.000000 / 0.250423 -1.619111 0.092440 1.000000)
ModelPosition (5.745019 -0.219241 1.199779)
ModelOrientation (-0.419407 0.312589 -0.627653 -0.576575)
ModelScale 0.004941
Brush radius 0.037441
drawColor 5
ControllerPosition0 (0.071386 0.773705 -0.300700)
ControllerOrientation0 (-0.222089 -0.177483 0.877617 0.385960)
ControllerPainting0 0
ControllerPosition1 (0.115559 0.940625 -0.180539)
ControllerOrientation1 (0.747543 -0.109788 -0.654148 0.034891)
ControllerPainting1 0
-------------------|
LeftCamera (-0.171367 -0.137911 -0.975507 0.000000 / -0.021929 0.990443 -0.136170 0.000000 / 0.984963 -0.001943 -0.172753 0.000000 / 0.311685 -1.619023 0.091968 1.000000)
RightCamera (-0.171367 -0.137911 -0.975507 0.000000 / -0.021929 0.990443 -0.136170 0.000000 / 0.984963 -0.001943 -0.172753 0.000000 / 0.250885 -1.619023 0.091968 1.000000)
ModelPosition (5.745019 -0.219241 1.199779)
ModelOrientation (-0.419407 0.312589 -0.627653 -0.576575)
ModelScale 0.004941
Brush radius 0.037441
drawColor 5
ControllerPosition0 (0.071413 0.773795 -0.300755)
ControllerOrientation0 (-0.222346 -0.177910 0.877481 0.385923)
ControllerPainting0 0
ControllerPosition1 (0.115502 0.940858 -0.180703)
ControllerOrientation1 (0.747379 -0.108348 -0.654578 0.034841)
ControllerPainting1 0
-------------------|
LeftCamera (-0.171091 -0.138062 -0.975534 0.000000 / -0.022201 0.990422 -0.136276 0.000000 / 0.985005 -0.001658 -0.172518 0.000000 / 0.312182 -1.618950 0.092048 1.000000)
RightCamera (-0.171091 -0.138062 -0.975534 0.000000 / -0.022201 0.990422 -0.136276 0.000000 / 0.985005 -0.001658 -0.172518 0.000000 / 0.251382 -1.618950 0.092048 1.000000)
ModelPosition (5.745019 -0.219241 1.199779)
ModelOrientation (-0.419407 0.312589 -0.627653 -0.576575)
ModelScale 0.004941
Brush radius 0.037441
drawColor 5
ControllerPosition0 (0.071413 0.773827 -0.300783)
ControllerOrientation0 (-0.222439 -0.177948 0.877458 0.385906)
ControllerPainting0 0
ControllerPosition1 (0.115471 0.940938 -0.180779)
ControllerOrientation1 (0.747349 -0.108107 -0.654650 0.034882)
ControllerPainting1 0
-------------------|
LeftCamera (-0.170987 -0.137980 -0.975564 0.000000 / -0.022256 0.990434 -0.136182 0.000000 / 0.985022 -0.001573 -0.172423 0.000000 / 0.312246 -1.618947 0.091842 1.000000)
RightCamera (-0.170987 -0.137980 -0.975564 0.000000 / -0.022256 0.990434 -0.136182 0.000000 / 0.985022 -0.001573 -0.172423 0.000000 / 0.251446 -1.618947 0.091842 1.000000)
ModelPosition (5.745019 -0.219241 1.199779)
ModelOrientation (-0.419407 0.312589 -0.627653 -0.576575)
ModelScale 0.004941
Brush radius 0.037441
drawColor 5
ControllerPosition0 (0.071349 0.773804 -0.300850)
ControllerOrientation0 (-0.222610 -0.177910 0.877439 0.385867)
ControllerPainting0 0
ControllerPosition1 (0.115377 0.940985 -0.180820)
ControllerOrientation1 (0.747312 -0.108019 -0.654694 0.035118)
ControllerPainting1 0
-------------------|
LeftCamera (-0.170966 -0.138053 -0.975557 0.000000 / -0.022251 0.990424 -0.136257 0.000000 / 0.985026 -0.001588 -0.172400 0.000000 / 0.312232 -1.618919 0.091805 1.000000)
RightCamera (-0.170966 -0.138053 -0.975557 0.000000 / -0.022251 0.990424 -0.136257 0.000000 / 0.985026 -0.001588 -0.172400 0.000000 / 0.251432 -1.618919 0.091805 1.000000)
ModelPosition (5.745019 -0.219241 1.199779)
ModelOrientation (-0.419407 0.312589 -0.627653 -0.576575)
ModelScale 0.004941
Brush radius 0.037441
drawColor 5
ControllerPosition0 (0.071297 0.773850 -0.300923)
ControllerOrientation0 (-0.222576 -0.177842 0.877487 0.385810)
ControllerPainting0 0
ControllerPosition1 (0.115364 0.941096 -0.180965)
ControllerOrientation1 (0.747214 -0.108013 -0.654798 0.035287)
ControllerPainting1 0
-------------------|
LeftCamera (-0.170768 -0.138231 -0.975567 0.000000 / -0.022238 0.990399 -0.136440 0.000000 / 0.985060 -0.001605 -0.172202 0.000000 / 0.312176 -1.618903 0.092079 1.000000)
RightCamera (-0.170768 -0.138231 -0.975567 0.000000 / -0.022238 0.990399 -0.136440 0.000000 / 0.985060 -0.001605 -0.172202 0.000000 / 0.251376 -1.618903 0.092079 1.000000)
ModelPosition (5.745019 -0.219241 1.199779)
ModelOrientation (-0.419407 0.312589 -0.627653 -0.576575)
ModelScale 0.004941
Brush radius 0.037441
drawColor 5
ControllerPosition0 (0.071286 0.773863 -0.300989)
ControllerOrientation0 (-0.222526 -0.178106 0.877398 0.385920)
ControllerPainting0 0
ControllerPosition1 (0.115299 0.941138 -0.181045)
ControllerOrientation1 (0.747157 -0.107712 -0.654918 0.035179)
ControllerPainting1 0
-------------------|
LeftCamera (-0.170651 -0.138544 -0.975543 0.000000 / -0.022425 0.990355 -0.136725 0.000000 / 0.985076 -0.001456 -0.172112 0.000000 / 0.312474 -1.618865 0.092396 1.000000)
RightCamera (-0.170651 -0.138544 -0.975543 0.000000 / -0.022425 0.990355 -0.136725 0.000000 / 0.985076 -0.001456 -0.172112 0.000000 / 0.251674 -1.618865 0.092396 1.000000)
ModelPosition (5.745019 -0.219241 1.199779)
ModelOrientation (-0.419407 0.312589 -0.627653 -0.576575)
ModelScale 0.004941
Brush radius 0.037441
drawColor 5
ControllerPosition0 (0.071260 0.773883 -0.301020)
ControllerOrientation0 (-0.222519 -0.178274 0.877352 0.385949)
ControllerPainting0 0
ControllerPosition1 (0.115226 0.941209 -0.181115)
ControllerOrientation1 (0.747101 -0.107272 -0.655058 0.035103)
ControllerPainting1 0
-------------------|
LeftCamera (-0.170559 -0.138996 -0.975495 0.000000 / -0.022547 0.990292 -0.137162 0.000000 / 0.985090 -0.001399 -0.172037 0.000000 / 0.312677 -1.618818 0.092999 1.000000)
RightCamera (-0.170559 -0.138996 -0.975495 0.000000 / -0.022547 0.990292 -0.137162 0.000000 / 0.985090 -0.001399 -0.172037 0.000000 / 0.251877 -1.618818 0.092999 1.000000)
ModelPosition (5.745019 -0.219241 1.199779)
ModelOrientation (-0.419407 0.312589 -0.627653 -0.576575)
ModelScale 0.004941
Brush radius 0.037441
drawColor 5
ControllerPosition0 (0.071297 0.773819 -0.301043)
ControllerOrientation0 (-0.222555 -0.178382 0.877309 0.385976)
ControllerPainting0 0
ControllerPosition1 (0.115318 0.941264 -0.181126)
ControllerOrientation1 (0.747154 -0.106822 -0.655081 0.034901)
ControllerPainting1 0
-------------------|
LeftCamera (-0.170498 -0.139791 -0.975392 0.000000 / -0.023196 0.990181 -0.137856 0.000000 / 0.985085 -0.000879 -0.172066 0.000000 / 0.313757 -1.618627 0.093902 1.000000)
RightCamera (-0.170498 -0.139791 -0.975392 0.000000 / -0.023196 0.990181 -0.137856 0.000000 / 0.985085 -0.000879 -0.172066 0.000000 / 0.252957 -1.618627 0.093902 1.000000)
ModelPosition (5.745019 -0.219241 1.199779)
ModelOrientation (-0.419407 0.312589 -0.627653 -0.576575)
ModelScale 0.004941
Brush radius 0.037441
drawColor 5
ControllerPosition0 (0.071216 0.773881 -0.301093)
ControllerOrientation0 (-0.222583 -0.178569 0.877264 0.385977)
ControllerPainting0 0
ControllerPosition1 (0.115134 0.941257 -0.181381)
ControllerOrientation1 (0.747480 -0.106441 -0.654779 0.034750)
ControllerPainting1 0
-------------------|
LeftCamera (-0.170771 -0.140062 -0.975305 0.000000 / -0.023128 0.990142 -0.138143 0.000000 / 0.985039 -0.001034 -0.172327 0.000000 / 0.313712 -1.618708 0.094176 1.000000)
RightCamera (-0.170771 -0.140062 -0.975305 0.000000 / -0.023128 0.990142 -0.138143 0.000000 / 0.985039 -0.001034 -0.172327 0.000000 / 0.252912 -1.618708 0.094176 1.000000)
ModelPosition (5.745019 -0.219241 1.199779)
ModelOrientation (-0.419407 0.312589 -0.627653 -0.576575)
ModelScale 0.004941
Brush radius 0.037441
drawColor 5
ControllerPosition0 (0.071183 0.773840 -0.301027)
ControllerOrientation0 (-0.222502 -0.178462 0.877353 0.385869)
ControllerPainting0 0
ControllerPosition1 (0.115102 0.941253 -0.181532)
ControllerOrientation1 (0.747632 -0.106431 -0.654592 0.035045)
ControllerPainting1 0
-------------------|
LeftCamera (-0.170722 -0.140262 -0.975285 0.000000 / -0.022898 0.990114 -0.138386 0.000000 / 0.985053 -0.001293 -0.172246 0.000000 / 0.313326 -1.618788 0.094512 1.000000)
RightCamera (-0.170722 -0.140262 -0.975285 0.000000 / -0.022898 0.990114 -0.138386 0.000000 / 0.985053 -0.001293 -0.172246 0.000000 / 0.252526 -1.618788 0.094512 1.000000)
ModelPosition (5.745019 -0.219241 1.199779)
ModelOrientation (-0.419407 0.312589 -0.627653 -0.576575)
ModelScale 0.004941
Brush radius 0.037441
drawColor 5
ControllerPosition0 (0.071086 0.773826 -0.301029)
ControllerOrientation0 (-0.222359 -0.178240 0.877455 0.385823)
ControllerPainting0 0
ControllerPosition1 (0.115004 0.941217 -0.181692)
ControllerOrientation1 (0.747805 -0.106645 -0.654344 0.035316)
ControllerPainting1 0
-------------------|
LeftCamera (-0.170907 -0.140603 -0.975203 0.000000 / -0.022695 0.990065 -0.138769 0.000000 / 0.985026 -0.001584 -0.172400 0.000000 / 0.312962 -1.618852 0.095011 1.000000)
RightCamera (-0.170907 -0.140603 -0.975203 0.000000 / -0.022695 0.990065 -0.138769 0.000000 / 0.985026 -0.001584 -0.172400 0.000000 / 0.252162 -1.618852 0.095011 1.000000)
ModelPosition (5.745019 -0.219241 1.199779)
ModelOrientation (-0.419407 0.312589 -0.627653 -0.576575)
ModelScale 0.004941
Brush radius 0.037441
drawColor 5
ControllerPosition0 (0.071043 0.773829 -0.301072)
ControllerOrientation0 (-0.222464 -0.178044 0.877484 0.385788)
ControllerPainting0 0
ControllerPosition1 (0.114894 0.941142 -0.181834)
ControllerOrientation1 (0.747885 -0.107037 -0.654186 0.035392)
ControllerPainting1 0
-------------------|
LeftCamera (-0.170807 -0.141415 -0.975104 0.000000 / -0.022664 0.989949 -0.139597 0.000000 / 0.985044 -0.001744 -0.172295 0.000000 / 0.312938 -1.618848 0.096193 1.000000)
RightCamera (-0.170807 -0.141415 -0.975104 0.000000 / -0.022664 0.989949 -0.139597 0.000000 / 0.985044 -0.001744 -0.172295 0.000000 / 0.252138 -1.618848 0.096193 1.000000)
ModelPosition (5.745019 -0.219241 1.199779)
ModelOrientation (-0.419407 0.312589 -0.627653 -0.576575)
ModelScale 0.004941
Brush radius 0.037441
drawColor 5
ControllerPosition0 (0.071013 0.773833 -0.301201)
ControllerOrientation0 (-0.222882 -0.177965 0.877358 0.385868)
ControllerPainting0 0
ControllerPosition1 (0.114923 0.941146 -0.181940)
ControllerOrientation1 (0.747554 -0.107060 -0.654571 0.035199)
ControllerPainting1 0
-------------------|
LeftCamera (-0.171046 -0.141559 -0.975041 0.000000 / -0.022561 0.989928 -0.139763 0.000000 / 0.985005 -0.001908 -0.172517 0.000000 / 0.312749 -1.618890 0.096411 1.000000)
RightCamera (-0.171046 -0.141559 -0.975041 0.000000 / -0.022561 0.989928 -0.139763 0.000000 / 0.985005 -0.001908 -0.172517 0.000000 / 0.251949 -1.618890 0.096411 1.000000)
ModelPosition (5.745019 -0.219241 1.199779)
ModelOrientation (-0.419407 0.312589 -0.627653 -0.576575)
ModelScale 0.004941
Brush radius 0.037441
drawColor 5
ControllerPosition0 (0.070998 0.773861 -0.301241)
ControllerOrientation0 (-0.222999 -0.177989 0.877311 0.385898)
ControllerPainting0 0
ControllerPosition1 (0.114845 0.941153 -0.182037)
ControllerOrientation1 (0.747460 -0.106955 -0.654698 0.035146)
ControllerPainting1 0
-------------------|
LeftCamera (-0.170741 -0.141841 -0.975053 0.000000 / -0.022594 0.989888 -0.140043 0.000000 / 0.985057 -0.001881 -0.172219 0.000000 / 0.312805 -1.618827 0.096946 1.000000)
RightCamera (-0.170741 -0.141841 -0.975053 0.000000 / -0.022594 0.989888 -0.140043 0.000000 / 0.985057 -0.001881 -0.172219 0.000000 / 0.252005 -1.618827 0.096946 1.000000)
ModelPosition (5.745019 -0.219241 1.199779)
ModelOrientation (-0.419407 0.312589 -0.627653 -0.576575)
ModelScale 0.004941
Brush radius 0.037441
drawColor 5
ControllerPosition0 (0.071002 0.773826 -0.301245)
ControllerOrientation0 (-0.223015 -0.177875 0.877323 0.385914)
ControllerPainting0 0
ControllerPosition1 (0.114997 0.941207 -0.181939)
ControllerOrientation1 (0.747303 -0.106616 -0.654944 0.034929)
ControllerPainting1 0
-------------------|
LeftCamera (-0.170908 -0.141851 -0.975023 0.000000 / -0.022628 0.989886 -0.140047 0.000000 / 0.985027 -0.001872 -0.172389 0.000000 / 0.312850 -1.618860 0.096871 1.000000)
RightCamera (-0.170908 -0.141851 -0.975023 0.000000 / -0.022628 0.989886 -0.140047 0.000000 / 0.985027 -0.001872 -0.172389 0.000000 / 0.252050 -1.618860 0.096871 1.000000)
ModelPosition (5.745019 -0.219241 1.199779)
ModelOrientation (-0.419407 0.312589 -0.627653 -0.576575)
ModelScale 0.004941
Brush radius 0.037441
drawColor 5
ControllerPosition0 (0.070945 0.773860 -0.301270)
ControllerOrientation0 (-0.222975 -0.177835 0.877336 0.385927)
ControllerPainting0 0
ControllerPosition1 (0.114898 0.941210 -0.182052)
ControllerOrientation1 (0.747274 -0.106390 -0.655029 0.034643)
ControllerPainting1 0
-------------------|
LeftCamera (-0.170677 -0.141930 -0.975051 0.000000 / -0.022761 0.989875 -0.140104 0.000000 / 0.985064 -0.001719 -0.172180 0.000000 / 0.313047 -1.618807 0.097004 1.000000)
RightCamera (-0.170677 -0.141930 -0.975051 0.000000 / -0.022761 0.989875 -0.140104 0.000000 / 0.985064 -0.001719 -0.172180 0.000000 / 0.252247 -1.618807 0.097004 1.000000)
ModelPosition (5.745019 -0.219241 1.199779)
ModelOrientation (-0.419407 0.312589 -0.627653 -0.576575)
ModelScale 0.004941
Brush radius 0.037441
drawColor 5
ControllerPosition0 (0.070870 0.773893 -0.301286)
ControllerOrientation0 (-0.222801 -0.177967 0.877417 0.385781)
ControllerPainting0 0
ControllerPosition1 (0.114873 0.941204 -0.182100)
ControllerOrientation1 (0.747397 -0.106024 -0.654980 0.034013)
ControllerPainting1 0
-------------------|
LeftCamera (-0.170695 -0.141934 -0.975048 0.000000 / -0.022819 0.989875 -0.140097 0.000000 / 0.985060 -0.001665 -0.172205 0.000000 / 0.313172 -1.618789 0.096952 1.000000)
RightCamera (-0.170695 -0.141934 -0.975048 0.000000 / -0.022819 0.989875 -0.140097 0.000000 / 0.985060 -0.001665 -0.172205 0.000000 / 0.252372 -1.618789 0.096952 1.000000)
ModelPosition (5.745019 -0.219241 1.199779)
ModelOrientation (-0.419407 0.312589 -0.627653 -0.576575)
ModelScale 0.004941
Brush radius 0.037441
drawColor 5
ControllerPosition0 (0.070803 0.773903 -0.301287)
ControllerOrientation0 (-0.222794 -0.177982 0.877410 0.385795)
ControllerPainting0 0
ControllerPosition1 (0.114733 0.941173 -0.182221)
ControllerOrientation1 (0.747463 -0.106045 -0.654890 0.034250)
ControllerPainting1 0
-------------------|
LeftCamera (-0.170563 -0.141838 -0.975085 0.000000 / -0.022976 0.989889 -0.139972 0.000000 / 0.985079 -0.001471 -0.172098 0.000000 / 0.313427 -1.618759 0.096763 1.000000)
RightCamera (-0.170563 -0.141838 -0.975085 0.000000 / -0.022976 0.989889 -0.139972 0.000000 / 0.985079 -0.001471 -0.172098 0.000000 / 0.252627 -1.618759 0.096763 1.000000)
ModelPosition (5.745019 -0.219241 1.199779)
ModelOrientation (-0.419407 0.312589 -0.627653 -0.576575)
ModelScale 0.004941
Brush radius 0.037441
drawColor 5
ControllerPosition0 (0.070745 0.773917 -0.301300)
ControllerOrientation0 (-0.222769 -0.178055 0.877390 0.385819)
ControllerPainting0 0
ControllerPosition1 (0.114633 0.941158 -0.182333)
ControllerOrientation1 (0.747497 -0.106006 -0.654849 0.034397)
ControllerPainting1 0
-------------------|
LeftCamera (-0.170487 -0.141662 -0.975124 0.000000 / -0.022626 0.989914 -0.139855 0.000000 / 0.985100 -0.001781 -0.171972 0.000000 / 0.312813 -1.618813 0.096717 1.000000)
RightCamera (-0.170487 -0.141662 -0.975124 0.000000 / -0.022626 0.989914 -0.139855 0.000000 / 0.985100 -0.001781 -0.171972 0.000000 / 0.252013 -1.618813 0.096717 1.000000)
ModelPosition (5.745019 -0.219241 1.199779)
ModelOrientation (-0.419407 0.312589 -0.627653 -0.576575)
ModelScale 0.004941
